0.0, 0.0, 0.0
0.02, 0.0, 0.0
0.04, 5.544936178677355E-4, 0.055337171724919074
0.06, 0.0017296565657575673, 0.06161302773532456
0.08, 0.002975212957212041, 0.062325037610640746
0.1, 0.004458436996896928, 0.08532748104411883
0.12000000000000001, 0.006375901233031961, 0.10552472006637796
0.14, 0.008668480571187756, 0.12264326058039292
0.16, 0.011283966914999397, 0.13764851967371192
0.18, 0.014294926812191616, 0.16202157115328014
0.19999999999999998, 0.017775693251221282, 0.18438950849222524
0.21999999999999997, 0.021597331019273185, 0.19590702272792873
0.23999999999999996, 0.02579395178160234, 0.22174360243883218
0.25999999999999995, 0.030428657665441842, 0.2394736042816333
0.27999999999999997, 0.03540092721009536, 0.2553264741814652
0.3, 0.04074455095021743, 0.2764398300696382
0.32, 0.04650448399139169, 0.2967479033501929
0.34, 0.05266032383133078, 0.3158299149193033
0.36000000000000004, 0.05918886966807673, 0.3338298766528575
0.38000000000000006, 0.06611860403490355, 0.3557607987180251
0.4000000000000001, 0.0734818638256124, 0.37696458401067423
0.4200000000000001, 0.08126060323504805, 0.39709889098804624
0.4400000000000001, 0.08943435405085523, 0.41626634177321364
0.46000000000000013, 0.09798490712573896, 0.4345891547985098
0.48000000000000015, 0.10689630986118259, 0.452169584799315
0.5000000000000001, 0.11619104039880525, 0.4727400687092118
0.5200000000000001, 0.1258947723615829, 0.4928649259350735
0.5400000000000001, 0.1359955642837569, 0.5122463233599805
0.5600000000000002, 0.14647888752355287, 0.5309256670601432
0.5800000000000002, 0.1573625961375837, 0.5520930231734911
0.6000000000000002, 0.16866747682795744, 0.5728320694845856
0.6200000000000002, 0.18038234853631482, 0.5928861232561663
0.6400000000000002, 0.19249377262373038, 0.6122880888900436
0.6600000000000003, 0.20498920610676197, 0.6310942510877128
0.6800000000000003, 0.217857188185059, 0.6493559905521517
0.7000000000000003, 0.23111302138274104, 0.6696925391829905
0.7200000000000003, 0.24477453485673123, 0.6897212767498843
0.7400000000000003, 0.2588332926667056, 0.7092177644840787
0.7600000000000003, 0.27327873912820994, 0.7281962272644548
0.7800000000000004, 0.28812388940652905, 0.7489946717239991
0.8000000000000004, 0.3033840715173541, 0.7694920364766308
0.8200000000000004, 0.31905121754291155, 0.7894871078945321
0.8400000000000004, 0.3351153483994736, 0.8089915635326813
0.8600000000000004, 0.3515669211721331, 0.8280371851836331
0.8800000000000004, 0.3683970204732871, 0.8466546282508335
0.9000000000000005, 0.38561724767125377, 0.866860579906818
0.9200000000000005, 0.40324126229252905, 0.8868317869841005
0.9400000000000005, 0.42126254775211, 0.9063887914171738
0.9600000000000005, 0.43967281953650533, 0.9255356808844345
0.9800000000000005, 0.45848232045377696, 0.9461173269979979
1.0000000000000004, 0.4777031931161504, 0.9664675082032526
1.0200000000000005, 0.49731161800570156, 0.9846733952255717
1.0400000000000005, 0.5171242872442613, 0.9867425995927187
1.0600000000000005, 0.5369602104102108, 0.9869818060412953
1.0800000000000005, 0.5567988620734365, 0.9870134780094106
1.1000000000000005, 0.5766379144916026, 0.9870216125351965
1.1200000000000006, 0.5964771036487903, 0.9870270759816538
1.1400000000000006, 0.6163163995679889, 0.9870322347195953
1.1600000000000006, 0.6361557988136108, 0.9870373571102995
1.1800000000000006, 0.6559953009600379, 0.9870424735882469
1.2000000000000006, 0.6758349059230165, 0.9870475876055941
1.2200000000000006, 0.6956746136570185, 0.9870526995545438
1.2400000000000007, 0.7155144241209206, 0.9870578094802797
1.2600000000000007, 0.7353543372741159, 0.987062917388632
1.2800000000000007, 0.7551943530760666, 0.9870680232809682
1.3000000000000007, 0.7750344714862614, 0.987073127158147
1.3200000000000007, 0.7948746924642031, 0.9870782290209735
1.3400000000000007, 0.8147150159694111, 0.9870833288702421
1.3600000000000008, 0.8345554419614204, 0.9870884267067478
1.3800000000000008, 0.8543959703997848, 0.9870935225312831
1.4000000000000008, 0.8742366012440689, 0.9870986163446451
1.4200000000000008, 0.8940773344538567, 0.9871037081476259
1.4400000000000008, 0.9139181699887478, 0.9871087979410199
1.4600000000000009, 0.9337591078083585, 0.9871138857256198
1.4800000000000009, 0.9536001478723176, 0.9871189715022168
1.5000000000000009, 0.973441290140274, 0.9871240552716061
1.520000000000001, 0.9932825345718906, 0.987129137034579
1.540000000000001, 1.0131238811268453, 0.9871342167919266
1.560000000000001, 1.0329653297648327, 0.9871392945444406
1.580000000000001, 1.052806880445566, 0.9871443702929131
1.600000000000001, 1.0726485331287716, 0.9871494440381343
1.620000000000001, 1.092490287774189, 0.987154515780895
1.640000000000001, 1.1123321443415797, 0.9871595855219853
1.660000000000001, 1.1321741027907146, 0.987164653262195
1.680000000000001, 1.1520161630813892, 0.9871697190023156
1.700000000000001, 1.1718583251734072, 0.9871747827431337
1.720000000000001, 1.191700589026588, 0.9871798444854397
1.740000000000001, 1.2115429546007725, 0.9871849042300237
1.7600000000000011, 1.2313854218558133, 0.9871899619776721
1.7800000000000011, 1.2512279907515775, 0.9871950177291737
1.8000000000000012, 1.2710706612479563, 0.9872000714853163
1.8200000000000012, 1.2909134333048464, 0.9872051232468881
1.8400000000000012, 1.3107563068821653, 0.9872101730146752
1.8600000000000012, 1.3305992819398476, 0.9872152207894648
1.8800000000000012, 1.3504423584378402, 0.9872202665720445
1.9000000000000012, 1.3702855363361086, 0.9872253103631992
1.9200000000000013, 1.3901288155946325, 0.9872303521637157
1.9400000000000013, 1.4099721961734049, 0.9872353919743785
1.9600000000000013, 1.4298156780324427, 0.987240429795975
1.9800000000000013, 1.4496592611317722, 0.9872454656292888
2.0000000000000013, 1.4695029454314348, 0.9872504994751046
2.0200000000000014, 1.4893291786939002, 0.9855038628913573
2.0400000000000014, 1.5089583677227114, 0.9675963069713179
2.0600000000000014, 1.5282054954695798, 0.9474812856510454
2.0800000000000014, 1.547041799245248, 0.92671637763881
2.1000000000000014, 1.565474863457276, 0.9073621184307568
2.1200000000000014, 1.5835168173184329, 0.8877993079587041
2.1400000000000015, 1.601161378015213, 0.8678192759688408
2.1600000000000015, 1.618420108299361, 0.8494128766472406
2.1800000000000015, 1.6352861725756445, 0.828741331511094
2.2000000000000015, 1.6517507957302608, 0.8094726358078587
2.2200000000000015, 1.6678255974385046, 0.7899523838338786
2.2400000000000015, 1.6835033267151358, 0.7699615492211972
2.2600000000000016, 1.6987739189596751, 0.749439665614585
2.2800000000000016, 1.7136500412564517, 0.7307161273326194
2.3000000000000016, 1.7281231190965425, 0.7093278577797739
2.3200000000000016, 1.7421823863073125, 0.6895456908986077
2.3400000000000016, 1.7558407474595856, 0.66943573814895
2.3600000000000017, 1.7691156781391413, 0.651399538845957
2.3800000000000017, 1.7819984671174094, 0.630407921799547
2.4000000000000017, 1.7944777833559673, 0.6112584463048831
2.4200000000000017, 1.8065688912812874, 0.5917792536961978
2.4400000000000017, 1.818262139714093, 0.5716685692598945
2.4600000000000017, 1.8295438343638544, 0.5508264651097554
2.4800000000000018, 1.840431158722534, 0.5324349928052524
2.5000000000000018, 1.8509459173187326, 0.5137543897655875
2.520000000000002, 1.8610785360925277, 0.49440916404511814
2.540000000000002, 1.8708144463205023, 0.47427857966942677
2.560000000000002, 1.8801367658361852, 0.45325321273361946
2.580000000000002, 1.8890261887364581, 0.4312012531019322
2.600000000000002, 1.8975029343373782, 0.41219981779039866
2.620000000000002, 1.9055933293370912, 0.3927571019823926
2.640000000000002, 1.913283286606231, 0.3723524221678102
2.660000000000002, 1.9206006598581606, 0.35569514960133036
2.680000000000002, 1.9275286333286819, 0.3335900616023231
2.700000000000002, 1.9340470515899646, 0.3149536472013126
2.720000000000002, 1.9401847925841578, 0.2957099302767897
2.740000000000002, 1.9459228823749797, 0.2751835644636594
2.760000000000002, 1.951231750479128, 0.252996392370585
2.780000000000002, 1.9561485259467608, 0.2361852731740369
2.800000000000002, 1.9606410777562588, 0.21075960280919767
2.820000000000002, 1.9646728945657477, 0.1903558484912888
2.840000000000002, 1.968279439475971, 0.1684395170106824
2.860000000000002, 1.9715313491092779, 0.15509410750758829
2.880000000000002, 1.9743843416745595, 0.12870770349297905
2.900000000000002, 1.9767928100356034, 0.11088818270548308
2.920000000000002, 1.9788251776941914, 0.09127945587491593
2.940000000000002, 1.980407935784188, 0.06613453713779957
2.960000000000002, 1.9811541738592122, 0.007945896097288846
2.980000000000002, 1.9812477614294253, 0.0013467809471040932
3.000000000000002, 1.9812673310009619, 5.982260101704854E-4
3.0200000000000022, 1.9812785029549296, 5.131595894266029E-4
3.0400000000000023, 1.9812887190355937, 5.033367957875951E-4
3.0600000000000023, 1.9812988231825657, 5.020471479126246E-4
3.0800000000000023, 1.9813089111050224, 5.017252790342462E-4
3.1000000000000023, 1.9813189936583546, 5.015132313803948E-4
3.1200000000000023, 1.98132907207502, 5.013137073917151E-4
3.1400000000000023, 1.9813391464961791, 5.011156729169184E-4
3.1600000000000024, 1.9813492169392315, 5.009178765900609E-4
3.1800000000000024, 1.981359283407541, 5.007201764714519E-4
3.2000000000000024, 1.9813693459028818, 5.005225564369731E-4
3.2200000000000024, 1.9813794044268442, 5.003250146307496E-4
3.2400000000000024, 1.981389458980997, 5.001275508150272E-4
3.2600000000000025, 1.9813995095669081, 4.999301649355637E-4
3.2800000000000025, 1.9814095561861433, 4.997328569589367E-4
3.3000000000000025, 1.9814195988402687, 4.995356268541011E-4
3.3200000000000025, 1.9814296375308498, 4.993384745902857E-4
3.3400000000000025, 1.9814396722594505, 4.991414001367686E-4
3.3600000000000025, 1.981449703027631, 4.989444034628375E-4
3.3800000000000026, 1.981459729836959, 4.987474845377964E-4
3.4000000000000026, 1.981469752688995, 4.985506433309605E-4
3.4200000000000026, 1.9814797715853023, 4.983538798116549E-4
3.4400000000000026, 1.981489786527441, 4.981571939492187E-4
3.4600000000000026, 1.9814997975169704, 4.979605857130044E-4
3.4800000000000026, 1.9815098045554533, 4.977640550723742E-4
3.5000000000000027, 1.9815198076444471, 4.975676019967039E-4
3.5200000000000027, 1.9815298067855114, 4.973712264553799E-4
3.5400000000000027, 1.9815398019802037, 4.971749284178032E-4
3.5600000000000027, 1.98154979323008, 4.969787078533838E-4
3.5800000000000027, 1.9815597805366993, 4.96782564731545E-4
3.6000000000000028, 1.981569763901618, 4.965864990217249E-4
3.6200000000000028, 1.9815797433263918, 4.963905106933687E-4
3.640000000000003, 1.981589718812576, 4.961945997159372E-4
3.660000000000003, 1.9815996903617246, 4.959987660589035E-4
3.680000000000003, 1.9816096579753903, 4.958030096917479E-4
3.700000000000003, 1.9816196216551256, 4.956073305839694E-4
3.720000000000003, 1.9816295814024845, 4.954117287050755E-4
3.740000000000003, 1.9816395372190199, 4.95216204024585E-4
3.760000000000003, 1.9816494891062824, 4.95020756512032E-4
3.780000000000003, 1.9816594370658236, 4.948253861369582E-4
3.800000000000003, 1.9816693810991934, 4.946300928689208E-4
3.820000000000003, 1.9816793212079407, 4.944348766774881E-4
3.840000000000003, 1.9816892573936153, 4.942397375322401E-4
3.860000000000003, 1.9816991896577625, 4.94044675402769E-4
3.880000000000003, 1.9817091180019324, 4.93849690258677E-4
3.900000000000003, 1.981719042427673, 4.93654782069584E-4
3.920000000000003, 1.981728962936531, 4.934599508051151E-4
3.940000000000003, 1.9817388795300492, 4.932651964349105E-4
3.960000000000003, 1.9817487922097756, 4.930705189286225E-4
3.980000000000003, 1.981758700977254, 4.928759182559177E-4
4.000000000000003, 1.9817686058340294, 4.92681394386468E-4
4.020000000000002, 1.9817785067816436, 4.924869472899648E-4
4.040000000000002, 1.981788403821639, 4.922925769361051E-4
4.060000000000001, 1.9817982969555603, 4.920982832946032E-4
4.080000000000001, 1.9818081861849475, 4.919040663351816E-4
4.1000000000000005, 1.9818180715113436, 4.917099260275761E-4
4.12, 1.9818279529362848, 4.915158623415356E-4
4.14, 1.9818378304613131, 4.913218752468188E-4
4.159999999999999, 1.9818477040879685, 4.911279647131981E-4
4.179999999999999, 1.9818575738177897, 4.909341307104544E-4
4.199999999999998, 1.9818674396523164, 4.907403732083891E-4
4.219999999999998, 1.9818773015930817, 4.905466921768032E-4
4.2399999999999975, 1.9818871596416239, 4.903530875855188E-4
4.259999999999997, 1.9818970137994798, 4.901595594043681E-4
4.279999999999997, 1.9819068640681834, 4.899661076031916E-4
4.299999999999996, 1.9819167104492705, 4.897727321518463E-4
4.319999999999996, 1.9819265529442749, 4.895794330201986E-4
4.339999999999995, 1.981936391554732, 4.893862101781281E-4
4.359999999999995, 1.9819462262821756, 4.891930635955239E-4
4.379999999999995, 1.9819560571281367, 4.889999932422901E-4
4.399999999999994, 1.9819658840941468, 4.888069990883399E-4
4.419999999999994, 1.981975707181737, 4.886140811036013E-4
4.439999999999993, 1.9819855263924389, 4.884212392580101E-4
4.459999999999993, 1.9819953417277834, 4.882284735215191E-4
4.479999999999992, 1.9820051531892982, 4.880357838640888E-4
4.499999999999992, 1.9820149607785125, 4.878431702556922E-4
4.519999999999992, 1.982024764496955, 4.8765063266631594E-4
4.539999999999991, 1.9820345643461537, 4.87458171065958E-4
4.559999999999991, 1.982044360327634, 4.8726578542462656E-4
4.57999999999999, 1.982054152442926, 4.870734757123441E-4
4.59999999999999, 1.9820639406935516, 4.8688124189914236E-4
4.6199999999999894, 1.9820737250810387, 4.8668908395506653E-4
4.639999999999989, 1.9820835056069115, 4.8649700185017395E-4
4.659999999999989, 1.9820932822726922, 4.8630499555453205E-4
4.679999999999988, 1.9821030550799073, 4.8611306503822235E-4
4.699999999999988, 1.982112824030077, 4.8592121027133517E-4
4.719999999999987, 1.9821225891247245, 4.8572943122397635E-4
4.739999999999987, 1.9821323503653705, 4.855377278662603E-4
4.7599999999999865, 1.9821421077535388, 4.853461001683153E-4
4.779999999999986, 1.9821518612907467, 4.8515454810027996E-4
4.799999999999986, 1.982161610978518, 4.8496307163230554E-4
4.819999999999985, 1.9821713568183674, 4.847716707345549E-4
4.839999999999985, 1.9821810988118167, 4.8458034537720234E-4
4.859999999999984, 1.982190836960383, 4.8438909553043496E-4
4.879999999999984, 1.9822005712655844, 4.8419792116445083E-4
4.8999999999999835, 1.9822103017289352, 4.840068222494594E-4
4.919999999999983, 1.9822200283519564, 4.838157987556828E-4
4.939999999999983, 1.98222975113616, 4.8362485065335406E-4
4.959999999999982, 1.982239470083061, 4.834339779127181E-4
4.979999999999982, 1.9822491851941746, 4.832431805040324E-4
4.999999999999981, 1.9822588964710146, 4.83052458397566E-4
5.019999999999981, 1.9822686039150945, 4.8286181156359796E-4
5.0399999999999805, 1.982278307527927, 4.8267123997242144E-4
5.05999999999998, 1.982288007311026, 4.8248074359434043E-4
5.07999999999998, 1.982297703265901, 4.8229032239966997E-4
5.099999999999979, 1.982307395394062, 4.820999763587371E-4
5.119999999999979, 1.9823170836970208, 4.81909705441882E-4
5.139999999999978, 1.9823267681762873, 4.8171950961945354E-4
5.159999999999978, 1.9823364488333672, 4.8152938886181565E-4
5.1799999999999775, 1.9823461256697732, 4.8133934313934236E-4
5.199999999999977, 1.9823557986870124, 4.8114937242241875E-4
5.219999999999977, 1.982365467886591, 4.809594766814419E-4
5.239999999999976, 1.9823751332700166, 4.807696558868222E-4
5.259999999999976, 1.9823847948387938, 4.8057991000898E-4
5.279999999999975, 1.9823944525944304, 4.8039023901834795E-4
5.299999999999975, 1.982404106538429, 4.8020064288536936E-4
5.3199999999999745, 1.9824137566722948, 4.8001112158050166E-4
5.339999999999974, 1.9824234029975334, 4.798216750742108E-4
5.359999999999974, 1.9824330455156454, 4.796323033369763E-4
5.379999999999973, 1.9824426842281344, 4.7944300633928974E-4
5.399999999999973, 1.9824523191365035, 4.7925378405165304E-4
5.419999999999972, 1.982461950242254, 4.790646364445804E-4
5.439999999999972, 1.982471577546884, 4.7887556348859755E-4
5.4599999999999715, 1.9824812010518944, 4.7868656515424147E-4
5.479999999999971, 1.9824908207587866, 4.7849764141206206E-4
5.499999999999971, 1.9825004366690575, 4.7830879223261934E-4
5.51999999999997, 1.9825100487842091, 4.781200175864859E-4
5.53999999999997, 1.9825196571057353, 4.7793131744424495E-4
5.559999999999969, 1.9825292616351344, 4.777426917764924E-4
5.579999999999969, 1.982538862373904, 4.775541405538352E-4
5.599999999999969, 1.9825484593235398, 4.773656637468921E-4
5.619999999999968, 1.982558052485536, 4.771772613262937E-4
5.639999999999968, 1.9825676418613913, 4.7698893326268135E-4
5.659999999999967, 1.9825772274525961, 4.7680067952670865E-4
5.679999999999967, 1.982586809260645, 4.766125000890407E-4
5.699999999999966, 1.982596387287031, 4.764243949203545E-4
5.719999999999966, 1.982605961533248, 4.762363639913368E-4
5.739999999999966, 1.9826155320007868, 4.760484072726891E-4
5.759999999999965, 1.98262509869114, 4.7586052473512177E-4
5.779999999999965, 1.9826346616057955, 4.756727163493574E-4
5.799999999999964, 1.982644220746245, 4.7548498208613174E-4
5.819999999999964, 1.9826537761139793, 4.752973219161897E-4
5.839999999999963, 1.9826633277104868, 4.7510973581028876E-4
5.859999999999963, 1.9826728755372542, 4.7492222373919846E-4
5.879999999999963, 1.982682419595771, 4.7473478567369883E-4
5.899999999999962, 1.9826919598875237, 4.7454742158458297E-4
5.919999999999962, 1.9827014964139982, 4.743601314426532E-4
5.939999999999961, 1.982711029176681, 4.7417291521872624E-4
5.959999999999961, 1.982720558177059, 4.7398577288362706E-4
5.9799999999999605, 1.9827300834166182, 4.737987044081957E-4
5.99999999999996, 1.9827396048968393, 4.7361170976328073E-4
6.01999999999996, 1.9827491226192087, 4.7342478891974356E-4
6.039999999999959, 1.9827586365852086, 4.7323794184845686E-4
6.059999999999959, 1.9827681467963192, 4.730511685203053E-4
6.079999999999958, 1.9827776532540262, 4.728644689061841E-4
6.099999999999958, 1.982787155959808, 4.726778429770007E-4
6.1199999999999575, 1.9827966549151461, 4.7249129070367404E-4
6.139999999999957, 1.982806150121523, 4.7230481205713356E-4
6.159999999999957, 1.9828156415804175, 4.7211840700832136E-4
6.179999999999956, 1.9828251292933046, 4.719320755281909E-4
6.199999999999956, 1.9828346132616663, 4.717458175877059E-4
6.219999999999955, 1.9828440934869795, 4.715596331578433E-4
6.239999999999955, 1.9828535699707237, 4.7137352220958984E-4
6.2599999999999545, 1.9828630427143725, 4.7118748471394484E-4
6.279999999999954, 1.9828725117194035, 4.710015206419187E-4
6.299999999999954, 1.9828819769872923, 4.7081562996453304E-4
6.319999999999953, 1.9828914385195142, 4.706298126528215E-4
6.339999999999953, 1.9829008963175427, 4.704440686778281E-4
6.359999999999952, 1.9829103503828533, 4.702583980106091E-4
6.379999999999952, 1.9829198007169175, 4.7007280062223266E-4
6.3999999999999515, 1.9829292473212075, 4.6988727648377787E-4
6.419999999999951, 1.9829386901971955, 4.697018255663335E-4
6.439999999999951, 1.982948129346354, 4.6951644784100295E-4
6.45999999999995, 1.9829575647701536, 4.6933114327889913E-4
6.47999999999995, 1.9829669964700642, 4.691459118511463E-4
6.499999999999949, 1.9829764244475547, 4.689607535288803E-4
6.519999999999949, 1.982985848704096, 4.6877566828324867E-4
6.5399999999999485, 1.9829952692411572, 4.685906560854107E-4
6.559999999999948, 1.9830046860602035, 4.68405716906536E-4
6.579999999999948, 1.9830140991627019, 4.682208507178062E-4
6.599999999999947, 1.9830235085501227, 4.68036057490414E-4
6.619999999999947, 1.9830329142239305, 4.67851337195564E-4
6.639999999999946, 1.9830423161855912, 4.676666898044715E-4
6.659999999999946, 1.9830517144365685, 4.674821152883639E-4
6.6799999999999455, 1.9830611089783299, 4.6729761361847963E-4
6.699999999999945, 1.9830704998123354, 4.671131847660674E-4
6.719999999999945, 1.9830798869400499, 4.669288287023895E-4
6.739999999999944, 1.9830892703629375, 4.667445453987172E-4
6.759999999999944, 1.9830986500824592, 4.665603348263354E-4
6.779999999999943, 1.9831080261000786, 4.663761969565384E-4
6.799999999999943, 1.9831173984172534, 4.66192131760633E-4
6.8199999999999426, 1.983126767035445, 4.66008139209937E-4
6.839999999999942, 1.9831361319561163, 4.658242192757782E-4
6.859999999999942, 1.983145493180722, 4.6564037192949845E-4
6.879999999999941, 1.9831548507107246, 4.654565971424486E-4
6.899999999999941, 1.983164204547582, 4.6527289488599145E-4
6.91999999999994, 1.9831735546927476, 4.650892651315025E-4
6.93999999999994, 1.983182901147683, 4.6490570785036594E-4
6.95999999999994, 1.9831922439138407, 4.647222230139801E-4
6.979999999999939, 1.9832015829926803, 4.645388105937512E-4
6.999999999999939, 1.9832109183856574, 4.643554705611001E-4
7.019999999999938, 1.9832202500942218, 4.6417220288745694E-4
7.039999999999938, 1.9832295781198317, 4.639890075442642E-4
7.059999999999937, 1.9832389024639403, 4.638058845029746E-4
7.079999999999937, 1.9832482231279993, 4.636228337350535E-4
7.099999999999937, 1.983257540113462, 4.634398552119756E-4
7.119999999999936, 1.9832668534217819, 4.632569489052285E-4
7.139999999999936, 1.983276163054407, 4.6307411478631045E-4
7.159999999999935, 1.9832854690127883, 4.628913528267309E-4
7.179999999999935, 1.983294771298378, 4.6270866299801124E-4
7.1999999999999345, 1.9833040699126254, 4.625260452716824E-4
7.219999999999934, 1.9833133648569787, 4.6234349961928864E-4
7.239999999999934, 1.9833226561328865, 4.621610260123841E-4
7.259999999999933, 1.9833319437417953, 4.6197862442253444E-4
7.279999999999933, 1.983341227685153, 4.6179629482131677E-4
7.299999999999932, 1.9833505079644078, 4.6161403718031894E-4
7.319999999999932, 1.9833597845810034, 4.614318514711406E-4
7.3399999999999315, 1.9833690575363858, 4.612497376653922E-4
7.359999999999931, 1.9833783268320009, 4.6106769573469637E-4
7.379999999999931, 1.9833875924692963, 4.608857256506845E-4
7.39999999999993, 1.9833968544497118, 4.6070382738500206E-4
7.41999999999993, 1.9834061127746898, 4.605220009093037E-4
7.439999999999929, 1.983415367445676, 4.6034024619525656E-4
7.459999999999929, 1.9834246184641111, 4.601585632145381E-4
7.4799999999999285, 1.983433865831437, 4.599769519388378E-4
7.499999999999928, 1.9834431095490963, 4.5979541233985506E-4
7.519999999999928, 1.9834523496185255, 4.5961394438930064E-4
7.539999999999927, 1.9834615860411666, 4.5943254805889825E-4
7.559999999999927, 1.9834708188184587, 4.59251223320381E-4
7.579999999999926, 1.9834800479518393, 4.590699701454932E-4
7.599999999999926, 1.9834892734427516, 4.5888878850599136E-4
7.6199999999999255, 1.983498495292628, 4.587076783736423E-4
7.639999999999925, 1.9835077135029087, 4.5852663972022445E-4
7.659999999999925, 1.9835169280750264, 4.5834567251752683E-4
7.679999999999924, 1.983526139010418, 4.5816477673734973E-4
7.699999999999924, 1.9835353463105208, 4.57983952351505E-4
7.719999999999923, 1.9835445499767692, 4.578031993318154E-4
7.739999999999923, 1.9835537500105962, 4.5762251765011486E-4
7.7599999999999225, 1.9835629464134354, 4.5744190727824824E-4
7.779999999999922, 1.9835721391867185, 4.572613681880714E-4
7.799999999999922, 1.9835813283318813, 4.5708090035145215E-4
7.819999999999921, 1.983590513850355, 4.569005037402677E-4
7.839999999999921, 1.98359969574357, 4.567201783264082E-4
7.85999999999992, 1.983608874012958, 4.5653992408177475E-4
7.87999999999992, 1.983618048659948, 4.56359740978277E-4
7.8999999999999195, 1.983627219685971, 4.561796289878394E-4
7.919999999999919, 1.9836363870924536, 4.559995880823952E-4
7.939999999999919, 1.9836455508808273, 4.5581961823388937E-4
7.959999999999918, 1.9836547110525193, 4.556397194142763E-4
7.979999999999918, 1.9836638676089555, 4.5545989159552453E-4
7.999999999999917, 1.9836730205515638, 4.552801347496119E-4
8.019999999999918, 1.9836821698817704, 4.55100448848527E-4
8.039999999999917, 1.9836913156009999, 4.549208338642703E-4
8.059999999999917, 1.9837004577106785, 4.5474128976885235E-4
8.079999999999917, 1.9837095962122326, 4.545618165342967E-4
8.099999999999916, 1.9837187311070839, 4.5438241413263587E-4
8.119999999999916, 1.9837278623966546, 4.542030825359145E-4
8.139999999999915, 1.9837369900823707, 4.540238217161864E-4
8.159999999999915, 1.9837461141656543, 4.5384463164551943E-4
8.179999999999914, 1.9837552346479252, 4.536655122959904E-4
8.199999999999914, 1.983764351530608, 4.534864636396883E-4
8.219999999999914, 1.9837734648151188, 4.533074856487122E-4
8.239999999999913, 1.9837825745028794, 4.531285782951725E-4
8.259999999999913, 1.983791680595308, 4.529497415511906E-4
8.279999999999912, 1.9838007830938276, 4.527709753888991E-4
8.299999999999912, 1.9838098819998533, 4.525922797804418E-4
8.319999999999911, 1.9838189773148036, 4.5241365469797203E-4
8.339999999999911, 1.9838280690400978, 4.5223510011365624E-4
8.35999999999991, 1.9838371571771514, 4.5205661599967086E-4
8.37999999999991, 1.9838462417273777, 4.5187820232820233E-4
8.39999999999991, 1.9838553226921958, 4.516998590714501E-4
8.41999999999991, 1.9838644000730195, 4.515215862016227E-4
8.439999999999909, 1.9838734738712653, 4.513433836909411E-4
8.459999999999908, 1.9838825440883439, 4.5116525151163656E-4
8.479999999999908, 1.983891610725669, 4.5098718963595047E-4
8.499999999999908, 1.983900673784655, 4.5080919803613706E-4
8.519999999999907, 1.9839097332667144, 4.506312766844597E-4
8.539999999999907, 1.9839187891732577, 4.504534255531942E-4
8.559999999999906, 1.983927841505697, 4.5027564461462604E-4
8.579999999999906, 1.9839368902654422, 4.5009793384105217E-4
8.599999999999905, 1.9839459354539053, 4.499202932047809E-4
8.619999999999905, 1.9839549770724936, 4.4974272267813103E-4
8.639999999999905, 1.9839640151226192, 4.495652222334314E-4
8.659999999999904, 1.9839730496056855, 4.493877918430239E-4
8.679999999999904, 1.9839820805231028, 4.492104314792596E-4
8.699999999999903, 1.983991107876278, 4.490331411145015E-4
8.719999999999903, 1.9840001316666176, 4.4885592072112246E-4
8.739999999999903, 1.9840091518955303, 4.486787702715066E-4
8.759999999999902, 1.9840181685644167, 4.485016897380492E-4
8.779999999999902, 1.9840271816746853, 4.4832467909315785E-4
8.799999999999901, 1.98403619122774, 4.481477383092471E-4
8.8199999999999, 1.9840451972249866, 4.479708673587462E-4
8.8399999999999, 1.9840541996678258, 4.477940662140944E-4
8.8599999999999, 1.98406319855766, 4.476173348477407E-4
8.8799999999999, 1.9840721938958923, 4.474406732321455E-4
8.899999999999899, 1.9840811856839247, 4.4726408133978024E-4
8.919999999999899, 1.9840901739231596, 4.4708755914312713E-4
8.939999999999898, 1.984099158614996, 4.469111066146796E-4
8.959999999999898, 1.9841081397608353, 4.4673472372694183E-4
8.979999999999897, 1.984117117362076, 4.465584104524283E-4
8.999999999999897, 1.9841260914201173, 4.4638216676366445E-4
9.019999999999897, 1.9841350619363558, 4.462059926331876E-4
9.039999999999896, 1.9841440289121914, 4.460298880335436E-4
9.059999999999896, 1.9841529923490215, 4.45853852937292E-4
9.079999999999895, 1.9841619522482428, 4.4567788731700184E-4
9.099999999999895, 1.9841709086112496, 4.4550199114525225E-4
9.119999999999894, 1.9841798614394384, 4.4532616439463415E-4
9.139999999999894, 1.984188810734205, 4.451504070377487E-4
9.159999999999894, 1.9841977564969444, 4.449747190472094E-4
9.179999999999893, 1.984206698729051, 4.447991003956381E-4
9.199999999999893, 1.9842156374319166, 4.44623551055669E-4
9.219999999999892, 1.9842245726069354, 4.444480709999476E-4
9.239999999999892, 1.9842335042554977, 4.442726602011276E-4
9.259999999999891, 1.9842424323789976, 4.440973186318776E-4
9.279999999999891, 1.9842513569788247, 4.4392204626487276E-4
9.29999999999989, 1.984260278056371, 4.437468430728018E-4
9.31999999999989, 1.9842691956130267, 4.435717090283639E-4
9.33999999999989, 1.9842781096501807, 4.433966441042675E-4
9.35999999999989, 1.984287020169221, 4.4322164827323337E-4
9.379999999999889, 1.984295927171537, 4.4304672150799235E-4
9.399999999999888, 1.9843048306585176, 4.4287186378128663E-4
9.419999999999888, 1.9843137306315484, 4.426970750658672E-4
9.439999999999888, 1.984322627092019, 4.4252235533449896E-4
9.459999999999887, 1.9843315200413123, 4.4234770455995503E-4
9.479999999999887, 1.9843404094808177, 4.421731227150206E-4
9.499999999999886, 1.9843492954119182, 4.419986097724906E-4
9.519999999999886, 1.9843581778359964, 4.418241657051719E-4
9.539999999999885, 1.98436705675444, 4.416497904858808E-4
9.559999999999885, 1.9843759321686314, 4.4147548408744573E-4
9.579999999999885, 1.9843848040799525, 4.413012464827044E-4
9.599999999999884, 1.984393672489787, 4.4112707764450604E-4
9.619999999999884, 1.9844025373995173, 4.409529775457106E-4
9.639999999999883, 1.9844113988105252, 4.4077894615918937E-4
9.659999999999883, 1.984420256724188, 4.4060498345782216E-4
9.679999999999882, 1.9844291111418881, 4.4043108941450165E-4
9.699999999999882, 1.9844379620650068, 4.4025726400213043E-4
9.719999999999882, 1.9844468094949215, 4.4008350719362214E-4
9.739999999999881, 1.9844556534330133, 4.3990981896190105E-4
9.75999999999988, 1.9844644938806573, 4.397361992799012E-4
9.77999999999988, 1.9844733308392317, 4.395626481205675E-4
9.79999999999988, 1.9844821643101147, 4.3938916545685686E-4
9.81999999999988, 1.9844909942946831, 4.3921575126173654E-4
9.839999999999879, 1.9844998207943103, 4.3904240550818286E-4
9.859999999999879, 1.984508643810375, 4.388691281691846E-4
9.879999999999878, 1.9845174633442495, 4.3869591921774073E-4
9.899999999999878, 1.9845262793973109, 4.385227786268599E-4
9.919999999999877, 1.9845350919709301, 4.383497063695628E-4
9.939999999999877, 1.984543901066484, 4.3817670241887906E-4
9.959999999999877, 1.98455270668534, 4.3800376674785137E-4
9.979999999999876, 1.9845615088288713, 4.378308993295317E-4
9.999999999999876, 1.984570307498452, 4.376581001369818E-4
10.019999999999875, 1.984579102695453, 4.374853691432751E-4
10.039999999999875, 1.9845878944212445, 4.373127063214956E-4
10.059999999999874, 1.9845966826771948, 4.371401116447382E-4
10.079999999999874, 1.9846054674646765, 4.36967585086108E-4
10.099999999999874, 1.9846142487850567, 4.367951266187198E-4
10.119999999999873, 1.9846230266397011, 4.366227362157013E-4
10.139999999999873, 1.9846318010299824, 4.3645041385018856E-4
10.159999999999872, 1.9846405719572655, 4.362781594953295E-4
10.179999999999872, 1.984649339422917, 4.361059731242819E-4
10.199999999999871, 1.9846581034283028, 4.35933854710215E-4
10.219999999999871, 1.9846668639747902, 4.3576180422630757E-4
10.23999999999987, 1.9846756210637424, 4.355898216457504E-4
10.25999999999987, 1.9846843746965253, 4.3541790694174307E-4
10.27999999999987, 1.9846931248745026, 4.352460600874977E-4
10.29999999999987, 1.9847018715990359, 4.3507428105623485E-4
10.319999999999869, 1.9847106148714913, 4.349025698211881E-4
10.339999999999868, 1.9847193546932291, 4.3473092635559795E-4
10.359999999999868, 1.9847280910656133, 4.345593506327201E-4
10.379999999999868, 1.9847368239900027, 4.34387842625818E-4
10.399999999999867, 1.98474555346776, 4.3421640230816515E-4
10.419999999999867, 1.9847542795002444, 4.340450296530469E-4
10.439999999999866, 1.984763002088818, 4.338737246337595E-4
10.459999999999866, 1.9847717212348372, 4.337024872236081E-4
10.479999999999865, 1.9847804369396622, 4.335313173959104E-4
10.499999999999865, 1.9847891492046503, 4.333602151239917E-4
10.519999999999865, 1.9847978580311585, 4.331891803811925E-4
10.539999999999864, 1.9848065634205456, 4.330182131408584E-4
10.559999999999864, 1.9848152653741684, 4.3284731337634986E-4
10.579999999999863, 1.984823963893381, 4.3267648106103487E-4
10.599999999999863, 1.984832658979539, 4.3250571616829385E-4
10.619999999999862, 1.9848413506339986, 4.3233501867151697E-4
10.639999999999862, 1.9848500388581127, 4.3216438854410473E-4
10.659999999999862, 1.9848587236532385, 4.31993825759469E-4
10.679999999999861, 1.9848674050207238, 4.318233302910307E-4
10.69999999999986, 1.9848760829619254, 4.3165290211222263E-4
10.71999999999986, 1.984884757478195, 4.3148254119648776E-4
10.73999999999986, 1.9848934285708835, 4.313122475172787E-4
10.75999999999986, 1.9849020962413424, 4.3114202104805975E-4
10.779999999999859, 1.9849107604909237, 4.3097186176230463E-4
10.799999999999859, 1.9849194213209758, 4.3080176963349834E-4
10.819999999999858, 1.9849280787328472, 4.306317446351351E-4
10.839999999999858, 1.984936732727888, 4.304617867407215E-4
10.859999999999857, 1.9849453833074477, 4.302918959237728E-4
10.879999999999857, 1.9849540304728757, 4.3012207215781636E-4
10.899999999999856, 1.9849626742255162, 4.2995231541638777E-4
10.919999999999856, 1.984971314566718, 4.297826256730354E-4
10.939999999999856, 1.9849799514978272, 4.2961300290131674E-4
10.959999999999855, 1.9849885850201907, 4.294434470748001E-4
10.979999999999855, 1.9849972151351536, 4.2927395816706396E-4
10.999999999999854, 1.9850058418440593, 4.29104536151698E-4
11.019999999999854, 1.9850144651482506, 4.2893518100230133E-4
11.039999999999853, 1.9850230850490729, 4.2876589269248347E-4
11.059999999999853, 1.9850317015478707, 4.285966711958651E-4
11.079999999999853, 1.9850403146459858, 4.284275164860773E-4
11.099999999999852, 1.9850489243447584, 4.2825842853676065E-4
11.119999999999852, 1.9850575306455325, 4.280894073215674E-4
11.139999999999851, 1.9850661335496504, 4.279204528141594E-4
11.159999999999851, 1.9850747330584497, 4.2775156498820854E-4
11.17999999999985, 1.985083329173271, 4.275827438173974E-4
11.19999999999985, 1.9850919218954552, 4.274139892754198E-4
11.21999999999985, 1.9851005112263405, 4.272453013359792E-4
11.23999999999985, 1.985109097167265, 4.2707667997278937E-4
11.259999999999849, 1.9851176797195678, 4.269081251595741E-4
11.279999999999848, 1.9851262588845833, 4.2673963687006876E-4
11.299999999999848, 1.9851348346636521, 4.265712150780182E-4
11.319999999999848, 1.985143407058109, 4.264028597571773E-4
11.339999999999847, 1.9851519760692908, 4.262345708813132E-4
11.359999999999847, 1.9851605416985314, 4.2606634842420015E-4
11.379999999999846, 1.9851691039471653, 4.258981923596254E-4
11.399999999999846, 1.9851776628165274, 4.257301026613864E-4
11.419999999999845, 1.985186218307951, 4.255620793032888E-4
11.439999999999845, 1.9851947704227693, 4.253941222591508E-4
11.459999999999845, 1.985203319162316, 4.2522623150280077E-4
11.479999999999844, 1.9852118645279213, 4.250584070080768E-4
11.499999999999844, 1.9852204065209182, 4.24890648748826E-4
11.519999999999843, 1.985228945142638, 4.247229566989086E-4
11.539999999999843, 1.9852374803944115, 4.2455533083219266E-4
11.559999999999842, 1.9852460122775675, 4.2438777112255863E-4
11.579999999999842, 1.9852545407934346, 4.242202775438951E-4
11.599999999999842, 1.9852630659433443, 4.2405285007010243E-4
11.619999999999841, 1.985271587728624, 4.2388548867509175E-4
11.63999999999984, 1.9852801061506025, 4.2371819333278295E-4
11.65999999999984, 1.9852886212106056, 4.235509640171074E-4
11.67999999999984, 1.9852971329099607, 4.2338380070200567E-4
11.69999999999984, 1.9853056412499923, 4.2321670336142934E-4
11.719999999999839, 1.9853141462320307, 4.230496719693403E-4
