0.0, 0.0
0.0017531121580574701, 0.02
0.00700175814878166, 0.04
0.015703882529832475, 0.06
0.02781793583601522, 0.08
0.04330286849177201, 0.1
0.062118124796912894, 0.12000000000000001
0.08422363698470599, 0.14
0.10957981935145605, 0.16
0.13814756245671056, 0.18
0.16988822739324524, 0.19999999999999998
0.20476364012598766, 0.21999999999999997
0.24273608589905094, 0.23999999999999996
0.2837683037100564, 0.25999999999999995
0.32782348085093843, 0.27999999999999997
0.3748652475144293, 0.3
0.42485767146543246, 0.32
0.47776525277650883, 0.34
0.5335529186266995, 0.36000000000000004
0.592186018162926, 0.38000000000000006
0.6536303174232103, 0.4000000000000001
0.7178519943209822, 0.4200000000000001
0.7848176336897226, 0.4400000000000001
0.8544942223872308, 0.46000000000000013
0.9268491444587953, 0.48000000000000015
1.0018501763585521, 0.5000000000000001
1.079465482228334, 0.5200000000000001
1.1596636092333346, 0.5400000000000001
1.2424134829538698, 0.5600000000000002
1.3276844028326047, 0.5800000000000002
1.4154460376765288, 0.6000000000000002
1.5056684212130738, 0.6200000000000002
1.59832194769968, 0.6400000000000002
1.6933773675861914, 0.6600000000000003
1.7908057832294393, 0.6800000000000003
1.8905786446593797, 0.7000000000000003
1.99266774539616, 0.7200000000000003
2.09704521831754, 0.7400000000000003
2.203683531576012, 0.7600000000000003
2.312555484565029, 0.7800000000000004
2.4236342039338004, 0.8000000000000004
2.536893139649997, 0.8200000000000004
2.6523060611098632, 0.8400000000000004
2.769847053295102, 0.8600000000000004
2.889490512975997, 0.8800000000000004
3.011211144960236, 0.9000000000000005
3.134983958386848, 0.9200000000000005
3.2607842630647355, 0.9400000000000005
3.3885876658552503, 0.9600000000000005
3.5183700670983136, 0.9800000000000005
3.6501076570815036, 1.0000000000000004
3.7837769125516467, 1.0200000000000005
3.919354593268364, 1.0400000000000005
4.056817738599105, 1.0600000000000005
4.196143664155117, 1.0800000000000005
4.337309958467903, 1.1000000000000005
4.480294479705674, 1.1200000000000006
4.625075352429298, 1.1400000000000006
4.771630964387277, 1.1600000000000006
4.919939963349265, 1.1800000000000006
5.069981253977733, 1.2000000000000006
5.218227770421109, 1.2200000000000006
5.361174078543268, 1.2400000000000007
5.498883946173715, 1.2600000000000007
5.631420373938869, 1.2800000000000007
5.758845604492461, 1.3000000000000007
5.881221131634847, 1.3200000000000007
5.998607709322586, 1.3400000000000007
6.111065360569671, 1.3600000000000008
6.218653386241616, 1.3800000000000008
6.321430373743773, 1.4000000000000008
6.419454205605121, 1.4200000000000008
6.5127820679587565, 1.4400000000000008
6.601470458920352, 1.4600000000000009
6.685575196865873, 1.4800000000000009
6.765151428609606, 1.5000000000000009
6.84025363748387, 1.520000000000001
6.910935651321508, 1.540000000000001
6.9772506503423015, 1.560000000000001
7.0392511749445505, 1.580000000000001
7.096989133402875, 1.600000000000001
7.15051580947343, 1.620000000000001
7.199881869907591, 1.640000000000001
7.245137371875263, 1.660000000000001
7.286331770298887, 1.680000000000001
7.323513925099193, 1.700000000000001
7.356732108353758, 1.720000000000001
7.3860340113694685, 1.740000000000001
7.411466751669903, 1.7600000000000011
7.433076879898628, 1.7800000000000011
7.450910386639404, 1.8000000000000012
7.4650127091544265, 1.8200000000000012
7.475428738041389, 1.8400000000000012
7.482202823810569, 1.8600000000000012
7.4853787833826795, 1.8800000000000012
7.484999906508603, 1.9000000000000012
7.481108962111861, 1.9200000000000013
7.47374820455482, 1.9400000000000013
7.462959379829437, 1.9600000000000013
7.448783731673594, 1.9800000000000013
7.431262007613806, 2.0000000000000013
7.410434464935203, 2.0200000000000014
7.3863408765797764, 2.0400000000000014
7.359020536973555, 2.0600000000000014
7.328512267783751, 2.0800000000000014
7.294854423606595, 2.1000000000000014
7.258084897586783, 2.1200000000000014
7.2182411269692555, 2.1400000000000015
7.175360098584237, 2.1600000000000015
7.129478354266263, 2.1800000000000015
7.080631996208002, 2.2000000000000015
7.028856692249669, 2.2200000000000015
6.974187681104814, 2.2400000000000015
6.916659777523212, 2.2600000000000016
6.856307377391665, 2.2800000000000016
6.793164462773427, 2.3000000000000016
6.727264606886989, 2.3200000000000016
6.658640979024955, 2.3400000000000016
6.587326349413786, 2.3600000000000017
6.513353094015008, 2.3800000000000017
6.436753199268714, 2.4000000000000017
6.357558266779959, 2.4200000000000017
6.275799517948773, 2.4400000000000017
6.191507798544511, 2.4600000000000017
6.104713583225124, 2.4800000000000018
6.015446980002055, 2.5000000000000018
5.923737734651467, 2.520000000000002
5.82961523507234, 2.540000000000002
5.733108515592154, 2.560000000000002
5.6342462612208175, 2.580000000000002
5.533056811853324, 2.600000000000002
5.429568166421929, 2.620000000000002
5.323807986998331, 2.640000000000002
5.215803602846506, 2.660000000000002
5.105582014426765, 2.680000000000002
4.9931698973516845, 2.700000000000002
4.882099830610502, 2.720000000000002
4.7758826951473985, 2.740000000000002
4.6744601044093255, 2.760000000000002
4.577774374303129, 2.780000000000002
4.485768514744131, 2.800000000000002
4.398386221306328, 2.820000000000002
4.315571866973165, 2.840000000000002
4.237270493987447, 2.860000000000002
4.163427805799363, 2.880000000000002
4.093990159111394, 2.900000000000002
4.0289045560188645, 2.920000000000002
3.968118636245142, 2.940000000000002
3.911580669470172, 2.960000000000002
3.8592395477513755, 2.980000000000002
3.811044778035702, 3.000000000000002
3.766946474761762, 3.0200000000000022
3.72689535255099, 3.0400000000000023
3.690842718986723, 3.0600000000000023
3.65874046748016, 3.0800000000000023
3.6305410702221637, 3.1000000000000023
3.6061975712198326, 3.1200000000000023
3.585663579416882, 3.1400000000000023
3.568893261896797, 3.1600000000000024
3.555841337167714, 3.1800000000000024
3.546463068528141, 3.2000000000000024
3.5407142575124793, 3.2200000000000024
3.5385512374154056, 3.2400000000000024
3.5399308668941525, 3.2600000000000025
3.5448105236477843, 3.2800000000000025
3.5531480981724837, 3.3000000000000025
3.564901987592015, 3.3200000000000025
3.580031089562367, 3.3400000000000025
3.5984947962497733, 3.3600000000000025
3.620252988381143, 3.3800000000000026
3.645266029366121, 3.4000000000000026
3.6734947594898073, 3.4200000000000026
3.7049004901753984, 3.4400000000000026
3.7394449983158298, 3.4600000000000026
3.7770905206736094, 3.4800000000000026
3.8177997483480532, 3.5000000000000027
3.861535821309064, 3.5200000000000027
3.908262322996674, 3.5400000000000027
3.9579432749855776, 3.5600000000000027
4.0105431317138605, 3.5800000000000027
4.066026775275115, 3.6000000000000028
4.124359510273262, 3.6200000000000028
4.185507058739201, 3.640000000000003
4.249435555108727, 3.660000000000003
4.316111541260748, 3.680000000000003
4.385501961615309, 3.700000000000003
4.457574158290504, 3.720000000000003
4.532295866317712, 3.740000000000003
4.6096352089143835, 3.760000000000003
4.689560692813685, 3.780000000000003
4.7720412036503586, 3.800000000000003
4.857046001402082, 3.820000000000003
4.944544715885683, 3.840000000000003
5.034507342307514, 3.860000000000003
5.123398012551274, 3.880000000000003
5.207702596117861, 3.900000000000003
5.287476269101411, 3.920000000000003
5.362773543761836, 3.940000000000003
5.4336482765114935, 3.960000000000003
5.500153675805874, 3.980000000000003
5.562342309939263, 4.000000000000003
5.620266114746656, 4.020000000000002
5.6739764012129665, 4.040000000000002
5.7235238629907705, 4.060000000000001
5.768958583827506, 4.080000000000001
5.810330044903388, 4.1000000000000005
5.847687132080992, 4.12
5.881078143067647, 4.14
5.910550794491648, 4.159999999999999
5.936152228893311, 4.179999999999999
5.957929021631968, 4.199999999999998
5.975927187709778, 4.219999999999998
5.990192188513558, 4.2399999999999975
6.000768938475395, 4.259999999999997
6.00770181165317, 4.279999999999997
6.011034648231898, 4.299999999999996
6.010810760946889, 4.319999999999996
6.007072941429553, 4.339999999999995
5.999863466476933, 4.359999999999995
5.9892241042457535, 4.379999999999995
5.975196120372002, 4.399999999999994
5.957820284016809, 4.419999999999994
5.937136873839666, 4.439999999999993
5.913185683899749, 4.459999999999993
5.8860060294862135, 4.479999999999992
5.855636752878383, 4.499999999999992
5.822116229036616, 4.519999999999992
5.785482371224725, 4.539999999999991
5.745772636564719, 4.559999999999991
5.703024031524752, 4.57999999999999
5.657273117340996, 4.59999999999999
5.60855601537435, 4.6199999999999894
5.556908412402646, 4.639999999999989
5.502365565849193, 4.659999999999989
5.444962308948437, 4.679999999999988
5.384733055849458, 4.699999999999988
5.321711806658063, 4.719999999999987
5.255932152418223, 4.739999999999987
5.187427280033581, 4.7599999999999865
5.116229977129725, 4.779999999999986
5.042372636858003, 4.799999999999986
4.965887262641493, 4.819999999999985
4.890311697180025, 4.839999999999985
4.819162021799671, 4.859999999999984
4.75238498776246, 4.879999999999984
4.689927986976269, 4.8999999999999835
4.631739044287093, 4.919999999999983
4.5777668098640305, 4.939999999999983
4.52796055167592, 4.959999999999982
4.482270148058449, 4.979999999999982
4.440646080370726, 4.999999999999981
4.4030394257401895, 5.019999999999981
4.369401849894799, 5.0399999999999805
4.339685600081486, 5.05999999999998
4.313843498069755, 5.07999999999998
4.291828933239506, 5.099999999999979
4.2735958557520375, 5.119999999999979
4.25909876980312, 5.139999999999978
4.248292726957327, 5.159999999999978
4.241133319562554, 5.1799999999999775
4.237576674243713, 5.199999999999977
4.237579445474775, 5.219999999999977
4.241098809228085, 5.239999999999976
4.248092456700151, 5.259999999999976
4.258518588112855, 5.279999999999975
4.272335906589284, 5.299999999999975
4.289503612103219, 5.3199999999999745
4.309981395501425, 5.339999999999974
4.333729432597876, 5.359999999999974
4.360708378339035, 5.379999999999973
4.3908793610392705, 5.399999999999973
4.4242039766857175, 5.419999999999972
4.4606442833116, 5.439999999999972
4.500162795437281, 5.4599999999999715
4.542722478578158, 5.479999999999971
4.58828674381866, 5.499999999999971
4.63681944245151, 5.51999999999997
4.688284860681538, 5.53999999999997
4.7426477143931125, 5.559999999999969
4.7998731439806175, 5.579999999999969
4.859926709241074, 5.599999999999969
4.922774384328245, 5.619999999999968
4.988382552767421, 5.639999999999968
5.056718002530173, 5.659999999999967
5.124241696852287, 5.679999999999967
5.187436374709355, 5.699999999999966
5.2463541193341605, 5.719999999999966
5.301046387336072, 5.739999999999966
5.3515640162400455, 5.759999999999965
5.39795723193498, 5.779999999999965
5.440275656032385, 5.799999999999964
5.478568313136598, 5.819999999999964
5.512883638027467, 5.839999999999963
5.5432694827566555, 5.859999999999963
5.569773123658568, 5.879999999999963
5.592441268276892, 5.899999999999962
5.611320062207842, 5.919999999999962
5.626455095861061, 5.939999999999961
5.637891411139166, 5.959999999999961
5.64567350803695, 5.9799999999999605
5.649845351161188, 5.99999999999996
5.650450376171957, 6.01999999999996
5.647531496146558, 6.039999999999959
5.641131107866755, 6.059999999999959
5.631291098030442, 6.079999999999958
5.6180528493885795, 6.099999999999958
5.60145724680824, 6.1199999999999575
5.581544683262789, 6.139999999999957
5.558355065749925, 6.159999999999957
5.531927821138558, 6.179999999999956
5.502301901945312, 6.199999999999956
5.469515792041575, 6.219999999999955
5.433607512291845, 6.239999999999955
5.39461462612427, 6.2599999999999545
5.3525742450341385, 6.279999999999954
5.307523034021166, 6.299999999999954
5.259497216961369, 6.319999999999953
5.208532581914344, 6.339999999999953
5.154664486366628, 6.359999999999952
5.0979278624120035, 6.379999999999952
5.038357221869493, 6.3999999999999515
4.975986661339751, 6.419999999999951
4.914356091516782, 6.439999999999951
4.856983636840373, 6.45999999999995
4.803818067105179, 6.47999999999995
4.754808768466348, 6.499999999999949
4.709905736023962, 6.519999999999949
4.669059566496727, 6.5399999999999485
4.632221450983743, 6.559999999999948
4.599343167813416, 6.579999999999948
4.570377075478414, 6.599999999999947
4.545276105655553, 6.619999999999947
4.523993756309756, 6.639999999999946
4.506484084880888, 6.659999999999946
4.492701701552612, 6.6799999999999455
4.482601762602277, 6.699999999999945
4.476139963830671, 6.719999999999945
4.473272534070987, 6.739999999999944
4.4739562287757595, 6.759999999999944
4.478148323681025, 6.779999999999943
4.485806608546689, 6.799999999999943
4.496889380972205, 6.8199999999999426
4.511355440286655, 6.839999999999942
4.529164081512354, 6.859999999999942
4.550275089401037, 6.879999999999941
4.574648732541889, 6.899999999999941
4.60224575754035, 6.91999999999994
4.63302738326703, 6.93999999999994
4.666955295175781, 6.95999999999994
4.703991639690187, 6.979999999999939
4.744099018657487, 6.999999999999939
4.7872404838693265, 7.019999999999938
4.833379531648386, 7.039999999999938
4.88248009750012, 7.059999999999937
4.934506550828891, 7.079999999999937
4.9894236897176265, 7.099999999999937
5.047196735770331, 7.119999999999936
5.104285104700462, 7.139999999999936
5.157170006579835, 7.159999999999935
5.2059020141320005, 7.179999999999935
5.250531091630311, 7.1999999999999345
5.291106602218288, 7.219999999999934
5.327677315141968, 7.239999999999934
5.360291412895161, 7.259999999999933
5.38899649827878, 7.279999999999933
5.413839601375277, 7.299999999999932
5.434867186439084, 7.319999999999932
5.452125158704223, 7.3399999999999315
5.465658871109979, 7.359999999999931
5.475513130945686, 7.379999999999931
5.481732206415505, 7.39999999999993
5.484359833124306, 7.41999999999993
5.483439220485451, 7.439999999999929
5.479013058051502, 7.459999999999929
5.471123521768775, 7.4799999999999285
5.459812280156636, 7.499999999999928
5.4451205004124565, 7.519999999999928
5.4270888544431, 7.539999999999927
5.405757524823871, 7.559999999999927
5.381166210685748, 7.579999999999926
5.353354133531805, 7.599999999999926
5.322360042983645, 7.6199999999999255
5.288222222458692, 7.639999999999925
5.250978494779172, 7.659999999999925
5.210666227713647, 7.679999999999924
5.167322339451845, 7.699999999999924
5.12098330401362, 7.719999999999923
5.071685156592853, 7.739999999999923
5.019463498837045, 7.7599999999999225
4.964353504063413, 7.779999999999922
4.909896146728323, 7.799999999999922
4.859610602235581, 7.819999999999921
4.813446678699529, 7.839999999999921
4.771354788102786, 7.85999999999992
4.733285939030965, 7.87999999999992
4.699191729494836, 7.8999999999999195
4.669024339838864, 7.919999999999919
4.642736525735013, 7.939999999999919
4.620281611260877, 7.959999999999918
4.6016134820610874, 7.979999999999918
4.58668657859098, 7.999999999999917
4.575455889441569, 8.019999999999918
4.567876944744832, 8.039999999999917
4.563905809658299, 8.059999999999917
4.5634990779280775, 8.079999999999917
4.566613865529293, 8.099999999999916
4.573207804383054, 8.119999999999916
4.583239036149004, 8.139999999999915
4.596666206092557, 8.159999999999915
4.613448457025928, 8.179999999999914
4.633545423322048, 8.199999999999914
4.6569172250004875, 8.219999999999914
4.683524461884564, 8.239999999999913
4.713328207828741, 8.259999999999913
4.746290005015427, 8.279999999999912
4.782371858320487, 8.299999999999912
4.821536229746455, 8.319999999999911
4.863746032922734, 8.339999999999911
4.908964627672027, 8.35999999999991
4.957155814642085, 8.37999999999991
5.008283830002066, 8.39999999999991
5.058807115886536, 8.41999999999991
5.105205920501731, 8.439999999999909
5.147529866278019, 8.459999999999908
5.185827978628729, 8.479999999999908
5.220148693132974, 8.499999999999908
5.250539862632063, 8.519999999999907
5.277048764240543, 8.539999999999907
5.2997221062728626, 8.559999999999906
5.318606035086709, 8.579999999999906
5.333746141844059, 8.599999999999905
5.345187469190799, 8.619999999999905
5.35297451785606, 8.639999999999905
5.3571512531720975, 8.659999999999904
5.357761111515768, 8.679999999999904
5.354847006672504, 8.699999999999903
5.34845133612369, 8.719999999999903
5.338615987258437, 8.739999999999903
5.325382343510595, 8.759999999999902
5.3087912904219134, 8.779999999999902
5.288883221632311, 8.799999999999901
5.265698044798013, 8.8199999999999
5.239275187438552, 8.8399999999999
5.209653602713337, 8.8599999999999
5.176871775128813, 8.8799999999999
5.140967726176889, 8.899999999999899
5.101979019905571, 8.919999999999899
5.059942768422556, 8.939999999999898
5.014895637332591, 8.959999999999898
4.966873851109475, 8.979999999999897
4.9194194227194705, 8.999999999999897
4.876052553581792, 9.019999999999897
4.836724065481986, 9.039999999999896
4.8013853718781965, 9.059999999999896
4.769988470782622, 9.079999999999895
4.74248593772865, 9.099999999999895
4.718830918822584, 9.119999999999894
4.698977123878957, 9.139999999999894
4.6828788196384705, 9.159999999999894
4.670490823067485, 9.179999999999893
4.661768494738168, 9.199999999999893
4.65666773228827, 9.219999999999892
4.655144963959562, 9.239999999999892
4.65715714221405, 9.259999999999891
4.662661737426984, 9.279999999999891
4.671616731655753, 9.29999999999989
4.683980612483695, 9.31999999999989
4.699712366938065, 9.33999999999989
4.718771475481109, 9.35999999999989
4.741117906073462, 9.379999999999889
4.766712108308936, 9.399999999999888
4.795515007619925, 9.419999999999888
4.827487999552492, 9.439999999999888
4.862592944110321, 9.459999999999887
4.900792160166774, 9.479999999999887
4.942048419944117, 9.499999999999886
4.986324943559185, 9.519999999999886
5.033585393634703, 9.539999999999885
5.080287645659272, 9.559999999999885
5.12291138801057, 9.579999999999885
5.161505690025818, 9.599999999999884
5.196119030679573, 9.619999999999884
5.226799305686477, 9.639999999999883
5.25359383451859, 9.659999999999883
5.276549367338271, 9.679999999999882
5.29571209184765, 9.699999999999882
5.311127640055695, 9.719999999999882
5.32284109496387, 9.739999999999881
5.330896997171337, 9.75999999999988
5.335339351400717, 9.77999999999988
5.3362116329453055, 9.79999999999988
5.333556794038774, 9.81999999999988
5.327417270148164, 9.839999999999879
5.317834986191212, 9.859999999999879
5.304851362678897, 9.879999999999878
5.2885073217840235, 9.899999999999878
5.268843293336846, 9.919999999999877
5.245899220748505, 9.939999999999877
5.219714566863272, 9.959999999999877
5.1903283197403045, 9.979999999999876
5.157778998365902, 9.999999999999876
5.122104658297003, 10.019999999999875
5.083342897236791, 10.039999999999875
5.041530860543231, 10.059999999999874
4.996705246671319, 10.079999999999874
4.9524085368659545, 10.099999999999874
4.912161395191037, 10.119999999999873
4.875915100510633, 10.139999999999873
4.843621517862206, 10.159999999999872
4.815233091404249, 10.179999999999872
4.79070283744876, 10.199999999999871
4.769984337577538, 10.219999999999871
4.753031731841379, 10.23999999999987
4.739799712040933, 10.25999999999987
4.730243515088571, 10.27999999999987
4.724318916449998, 10.29999999999987
4.721982223664832, 10.319999999999869
4.723190269945127, 10.339999999999868
4.72790040785089, 10.359999999999868
4.7360705030417085, 10.379999999999868
4.747658928103552, 10.399999999999867
4.762624556449843, 10.419999999999867
4.780926756295919, 10.439999999999866
4.802525384705947, 10.459999999999866
4.827380781711519, 10.479999999999865
4.855453764500953, 10.499999999999865
4.886705621678531, 10.519999999999865
4.92109810759283, 10.539999999999864
4.958593436733222, 10.559999999999864
4.999154278193873, 10.579999999999863
5.042743750204276, 10.599999999999863
5.0858191904095005, 10.619999999999862
5.124859755814592, 10.639999999999862
5.159913990777194, 10.659999999999862
5.191029855608404, 10.679999999999861
5.218254733599568, 10.69999999999986
5.241635437964483, 10.71999999999986
5.261218218698167, 10.73999999999986
5.277048769352983, 10.75999999999986
5.2891722337333755, 10.779999999999859
5.297633212509947, 10.799999999999859
5.302475769754021, 10.819999999999858
5.303743439393586, 10.839999999999858
5.301479231591527, 10.859999999999857
5.295725639047157, 10.879999999999857
5.286524643221934, 10.899999999999856
5.273917720490223, 10.919999999999856
5.2579458482161465, 10.939999999999856
5.238649510757237, 10.959999999999855
5.2160687053959025, 10.979999999999855
5.190242948199529, 10.999999999999854
5.161211279810081, 11.019999999999854
5.129012271164006, 11.039999999999853
5.0936840291433745, 11.059999999999853
5.055264202159002, 11.079999999999853
5.013789985666415, 11.099999999999852
4.9692981276154, 11.119999999999852
4.925331158150227, 11.139999999999851
4.88540978964582, 11.159999999999851
4.849485348696018, 11.17999999999985
4.817509747493837, 11.19999999999985
4.789435476785954, 11.21999999999985
4.765215598912057, 11.23999999999985
4.744803740927888, 11.259999999999849
4.728154087811031, 11.279999999999848
4.715221375748454, 11.299999999999848
4.705960885504771, 11.319999999999848
4.700328435870381, 11.339999999999847
4.698280377188342, 11.359999999999847
4.699773584959154, 11.379999999999846
4.704765453522487, 11.399999999999846
4.713213889814937, 11.419999999999845
4.725077307202894, 11.439999999999845
4.740314619389536, 11.459999999999845
4.758885234395229, 11.479999999999844
4.780749048610277, 11.499999999999844
4.805866440919254, 11.519999999999843
4.834198266896013, 11.539999999999843
4.865705853068578, 11.559999999999842
4.900350991252942, 11.579999999999842
4.938095932955179, 11.599999999999842
4.978903383840755, 11.619999999999841
5.022736498270478, 11.63999999999984
5.066052649586034, 11.65999999999984
5.105331030059629, 11.67999999999984
5.140620218891734, 11.69999999999984
5.1719682108170915, 11.719999999999839
5.199422423136508, 11.739999999999839
5.223029702664106, 11.759999999999838
5.242836332590945, 11.779999999999838
5.258888039266071, 11.799999999999837
5.271229998895993, 11.819999999999837
5.279906844163572, 11.839999999999836
5.284962670767227, 11.859999999999836
5.286441043881537, 11.879999999999836
5.2843850045400504, 11.899999999999835
5.278837075941316, 11.919999999999835
5.26983926967908, 11.939999999999834
5.257433091897511, 11.959999999999834
5.241659549372325, 11.979999999999833
5.2225591555188124, 11.999999999999833
5.200171936327534, 12.019999999999833
5.174537436228627, 12.039999999999832
5.1456947238856, 12.059999999999832
5.113682397919266, 12.079999999999831
5.078538592563013, 12.099999999999831
5.040300983249906, 12.11999999999983
4.9990067921326, 12.13999999999983
4.958199017852951, 12.15999999999983
4.921398835646915, 12.17999999999983
4.888558029400607, 12.199999999999829
4.859628963097506, 12.219999999999828
4.8345645738392165, 12.239999999999828
4.813318364950146, 12.259999999999827
4.795844399165194, 12.279999999999827
4.782097291899354, 12.299999999999827
4.772032204598328, 12.319999999999826
4.765604838169113, 12.339999999999826
4.762771426489661, 12.359999999999825
4.76348872999657, 12.379999999999825
4.767714029349994, 12.399999999999824
4.77540511917469, 12.419999999999824
4.786520301876444, 12.439999999999824
4.801018381532837, 12.459999999999823
4.818858657857561, 12.479999999999823
4.840000920237298, 12.499999999999822
4.86440544184038, 12.519999999999822
4.892032973796331, 12.539999999999822
4.92284473944541, 12.559999999999821
4.956802428657341, 12.57999999999982
4.993868192218431, 12.59999999999982
5.034004636286184, 12.61999999999982
5.073668592594534, 12.63999999999982
5.109338718324097, 12.659999999999819
5.141063064021548, 12.679999999999819
5.168889102128183, 12.699999999999818
5.19286373393518, 12.719999999999818
5.213033296455225, 12.739999999999817
5.229443569211464, 12.759999999999817
5.242139780944759, 12.779999999999816
5.251166616240263, 12.799999999999816
5.256568222074256, 12.819999999999816
5.258388214282227, 12.839999999999815
5.256669683949132, 12.859999999999815
5.251455203722766, 12.879999999999814
5.242786834051164, 12.899999999999814
5.230706129345001, 12.919999999999813
5.215254144065821, 12.939999999999813
5.196471438741016, 12.959999999999813
5.1743980859064305, 12.979999999999812
5.149073675977496, 12.999999999999812
5.120537323049721, 13.019999999999811
5.088827670629383, 13.03999999999981
5.053982897295264, 13.05999999999981
5.016040722292309, 13.07999999999981
4.975038411057931, 13.09999999999981
4.934519004997997, 13.11999999999981
4.898003721597955, 13.139999999999809
4.865444386485108, 13.159999999999808
4.836793404881922, 13.179999999999808
4.812003754632845, 13.199999999999807
4.7910289793149285, 13.219999999999807
4.77382318143143, 13.239999999999807
4.760341015687251, 13.259999999999806
4.750537682345296, 13.279999999999806
4.744368920662747, 13.299999999999805
4.741791002406329, 13.319999999999805
4.742760725445583, 13.339999999999804
4.747235407423221, 13.359999999999804
4.755172879501633, 13.379999999999804
4.766531480184644, 13.399999999999803
4.781270049213584, 13.419999999999803
4.799347921536779, 13.439999999999802
4.820724921351668, 13.459999999999802
4.845361356218507, 13.479999999999801
4.873218011244958, 13.499999999999801
4.904256143340646, 13.5199999999998
4.938437475540767, 13.5399999999998
4.975724191398093, 13.5599999999998
5.01607892944235, 13.5799999999998
5.055958553390231, 13.599999999999799
5.091841752020316, 13.619999999999798
5.123776607097097, 13.639999999999798
5.151810621904076, 13.659999999999798
5.175990728203586, 13.679999999999797
5.196363293112847, 13.699999999999797
5.212974125897375, 13.719999999999796
5.22586848468254, 13.739999999999796
5.23509108308448, 13.759999999999796
5.240686096761195, 13.779999999999795
5.242697169884794, 13.799999999999795
5.241167421535948, 13.819999999999794
5.236139452021324, 13.839999999999794
5.227655349115084, 13.859999999999793
5.215756694225261, 13.879999999999793
5.200484568485933, 13.899999999999793
5.181879558776132, 13.919999999999792
5.15998176366631, 13.939999999999792
5.134830799293258, 13.959999999999791
5.106465805164409, 13.97999999999979
5.074925449892203, 13.99999999999979
5.040247936859546, 14.01999999999979
5.0024710098170715, 14.03999999999979
4.961631958413065, 14.059999999999789
4.921273847972961, 14.079999999999789
4.884917919614015, 14.099999999999788
4.852516022311, 14.119999999999788
4.824020584352974, 14.139999999999787
4.799384606373416, 14.159999999999787
4.7785616544642835, 14.179999999999787
4.761505853372827, 14.199999999999786
4.74817187978034, 14.219999999999786
4.738514955661691, 14.239999999999785
4.732490841724815, 14.259999999999785
4.7300558309291105, 14.279999999999784
4.731166742081837, 14.299999999999784
4.735780913511494, 14.319999999999784
4.74385619681741, 14.339999999999783
4.755350950694447, 14.359999999999783
4.770224034832037, 14.379999999999782
4.788434803886649, 14.399999999999782
4.809943101526718, 14.419999999999781
4.834709254549261, 14.439999999999781
4.862694067067249, 14.45999999999978
4.893858814766949, 14.47999999999978
4.928165239234305, 14.49999999999978
4.96557554234964, 14.51999999999978
5.006052380749758, 14.539999999999779
5.046052636040544, 14.559999999999778
5.082055014674561, 14.579999999999778
5.1141076158776375, 14.599999999999778
5.142257960184539, 14.619999999999777
5.166552996401303, 14.639999999999777
5.187039108483804, 14.659999999999776
5.203762122333599, 14.679999999999776
5.216767312511983, 14.699999999999775
5.226099408873258, 14.719999999999775
5.231802603118207, 14.739999999999775
5.233920555268749, 14.759999999999774
5.232496400064638, 14.779999999999774
5.227572753283244, 14.799999999999773
5.219191717983296, 14.819999999999773
5.207394890673496, 14.839999999999772
5.192223367406921, 14.859999999999772
5.173717749802091, 14.879999999999772
5.151918150991636, 14.899999999999771
5.126864201499323, 14.91999999999977
5.098595055046449, 14.93999999999977
5.067149394288326, 14.95999999999977
5.032565436481779, 14.97999999999977
4.994880939084428, 14.999999999999769
4.957639429602764, 15.019999999999769
4.92436260577447, 15.039999999999768
4.895002767701082, 15.059999999999768
4.869512789370831, 15.079999999999767
4.847846111754088, 15.099999999999767
4.829956735981892, 15.119999999999767
4.815799216606558, 15.139999999999766
4.805328654943348, 15.159999999999766
4.798500692492282, 15.179999999999765
4.795271504439052, 15.199999999999765
4.795597793234146, 15.219999999999764
4.7994367822492325, 15.239999999999764
4.806746209509845, 15.259999999999764
4.817484321503498, 15.279999999999763
4.8316098670622765, 15.299999999999763
4.849082091319023, 15.319999999999762
4.869860729736274, 15.339999999999762
4.893906002206956, 15.359999999999761
4.921178607226162, 15.379999999999761
4.95163971613299, 15.39999999999976
4.9852509674216305, 15.41999999999976
5.021974461120969, 15.43999999999976
5.05826652892565, 15.45999999999976
5.090605333993049, 15.479999999999759
5.119038438790327, 15.499999999999758
5.1436128335514155, 15.519999999999758
5.164374943161676, 15.539999999999758
5.181370633959691, 15.559999999999757
5.1946452204572955, 15.579999999999757
5.20424347197867, 15.599999999999756
5.2102096192196115, 15.619999999999756
5.212587360727877, 15.639999999999755
5.211419869305574, 15.659999999999755
5.206749798334479, 15.679999999999755
5.198619288025298, 15.699999999999754
5.187069971591744, 15.719999999999754
5.172142981350284, 15.739999999999753
5.153878954746548, 15.759999999999753
5.132318040309216, 15.779999999999752
5.107499903532248, 15.799999999999752
5.079463732686427, 15.819999999999752
5.048248244560847, 15.839999999999751
5.01389169013547, 15.85999999999975
4.976431860185303, 15.87999999999975
4.939412315133386, 15.89999999999975
4.906354785237947, 15.91999999999975
4.877211602729776, 15.939999999999749
4.851935673339817, 15.959999999999749
4.830480469399235, 15.979999999999748
4.81280002302258, 15.999999999999748
4.798848919372892, 16.019999999999747
4.788582290007892, 16.039999999999747
4.7819558063061915, 16.059999999999746
4.778925672972595, 16.079999999999746
4.7794486216215555, 16.099999999999746
4.783481904437841, 16.119999999999745
4.79098328791343, 16.139999999999745
4.801911046659779, 16.159999999999744
4.816223957294558, 16.179999999999744
4.83388129240191, 16.199999999999743
4.85484281456538, 16.219999999999743
4.8790687704726405, 16.239999999999743
4.9065198850911145, 16.259999999999742
4.937157355913757, 16.279999999999742
4.970942847273964, 16.29999999999974
5.0078384847289215, 16.31999999999974
5.044300625194464, 16.33999999999974
5.07680745674571, 16.35999999999974
5.105406566467778, 16.37999999999974
5.13014496891636, 16.39999999999974
5.151069113005959, 16.41999999999974
5.168224888815222, 16.43999999999974
5.181657634310394, 16.459999999999738
5.191412141987904, 16.479999999999738
5.197532665437, 16.499999999999737
5.200062925823461, 16.519999999999737
5.199046118295286, 16.539999999999736
5.1945249183113, 16.559999999999736
5.186541487893647, 16.579999999999735
5.175137481805049, 16.599999999999735
5.16035405365173, 16.619999999999735
5.142231861912939, 16.639999999999734
5.1208110758979055, 16.659999999999734
5.096131381631146, 16.679999999999733
5.06823198766696, 16.699999999999733
5.037151630833953, 16.719999999999732
5.002928581910475, 16.739999999999732
4.965600651231758, 16.75999999999973
4.9287114185456895, 16.77999999999973
4.895782633202854, 16.79999999999973
4.866766646296736, 16.81999999999973
4.841616382193981, 16.83999999999973
4.820285331637274, 16.85999999999973
4.8027275449311615, 16.87999999999973
4.7888976252098425, 16.89999999999973
4.778750721785981, 16.919999999999728
4.772242523579503, 16.939999999999728
4.769329252625495, 16.959999999999727
4.769967657660205, 16.979999999999727
4.774115007784173, 16.999999999999726
4.781729086201651, 17.019999999999726
4.792768184035284, 17.039999999999726
4.807191094215299, 17.059999999999725
4.824957105442125, 17.079999999999725
4.846025996221689, 17.099999999999724
4.870358028972488, 17.119999999999724
4.897913944203529, 17.139999999999723
4.928654954762333, 17.159999999999723
4.962542740152148, 17.179999999999723
4.999539440917496, 17.199999999999722
5.039607653097344, 17.21999999999972
5.0792041984288, 17.23999999999972
5.114807724215941, 17.25999999999972
5.146466271247742, 17.27999999999972
5.1742273023251775, 17.29999999999972
5.1981377092150876, 17.31999999999972
5.218243819520417, 17.33999999999972
5.234591403467777, 17.35999999999972
5.247225680613371, 17.37999999999972
5.256191326468152, 17.399999999999718
5.261532479043394, 17.419999999999717
5.263292745317443, 17.439999999999717
5.261515207624664, 17.459999999999717
5.256242429967539, 17.479999999999716
5.247516464252827, 17.499999999999716
5.23537885645267, 17.519999999999715
5.219870652691613, 17.539999999999715
5.201032405260322, 17.559999999999715
5.178904178557057, 17.579999999999714
5.1535255549575565, 17.599999999999714
5.124935640614359, 17.619999999999713
5.093173071186324, 17.639999999999713
5.058276017499243, 17.659999999999712
5.020282191138344, 17.679999999999712
4.9792288499734845, 17.69999999999971
4.93865902793401, 17.71999999999971
4.9020939351188035, 17.73999999999971
4.869485389857481, 17.75999999999971
4.840785790162623, 17.77999999999971
4.815948106755521, 17.79999999999971
4.79492587617577, 17.81999999999971
4.777673193973864, 17.83999999999971
4.7641447079855626, 17.859999999999708
4.754295611687281, 17.879999999999708
4.7480816376313655, 17.899999999999707
4.745459050960365, 17.919999999999707
4.746384642999352, 17.939999999999706
4.7508157249253165, 17.959999999999706
4.758710121512702, 17.979999999999706
4.7700261649542375, 17.999999999999705
4.784722688756067, 18.019999999999705
4.802759021706406, 18.039999999999704
4.824094981916649, 18.059999999999704
4.84869087093425, 18.079999999999703
4.8765074679264115, 18.099999999999703
4.907506023933749, 18.119999999999703
4.9416482561930755, 18.139999999999702
4.978896342528539, 18.1599999999997
5.019212915810175, 18.1799999999997
5.059054834163053, 18.1999999999997
5.094900780841435, 18.2199999999997
5.126798832151935, 18.2399999999997
5.154796485985846, 18.2599999999997
5.178940668778174, 18.2799999999997
5.199277742382907, 18.2999999999997
5.215853510865645, 18.3199999999997
5.228713227214407, 18.339999999999698
5.237901599969788, 18.359999999999697
5.2434627997753, 18.379999999999697
5.245440465848904, 18.399999999999697
5.243877712376732, 18.419999999999696
5.238817134829787, 18.439999999999696
5.230300816204771, 18.459999999999695
5.218370333189695, 18.479999999999695
5.203066762255431, 18.499999999999694
5.184430685673912, 18.519999999999694
5.16250219746389, 18.539999999999694
5.137320909265269, 18.559999999999693
5.108925956142637, 18.579999999999693
5.077356002319088, 18.599999999999692
5.04264924684098, 18.619999999999692
5.004843429174552, 18.63999999999969
4.963975834735273, 18.65999999999969
4.923589524666657, 18.67999999999969
4.887205735954383, 18.69999999999969
4.8547763134913176, 18.71999999999969
4.826253681533757, 18.73999999999969
4.8015908367309255, 18.75999999999969
4.780741341238463, 18.77999999999969
4.763659315914659, 18.799999999999688
4.75029943359861, 18.819999999999688
4.740616912469253, 18.839999999999687
4.73456750948425, 18.859999999999687
4.732107513897845, 18.879999999999686
4.733193740856705, 18.899999999999686
4.7377835250728015, 18.919999999999686
4.745834714572423, 18.939999999999685
4.757305664520396, 18.959999999999685
4.772155231118596, 18.979999999999684
4.790342765577873, 18.999999999999684
4.811828108162505, 19.019999999999683
4.836571582306315, 19.039999999999683
4.864533988799538, 19.059999999999683
4.895676600045681, 19.079999999999682
4.929961154387427, 19.09999999999968
4.967349850500859, 19.11999999999968
5.007805341857083, 19.13999999999968
5.0477845069343825, 19.15999999999968
5.083766049095335, 19.17999999999968
5.115798064512982, 19.19999999999968
5.143928070706007, 19.21999999999968
5.168203013500673, 19.23999999999968
5.188669273908921, 19.25999999999968
5.205372674923792, 19.279999999999678
5.218358488233055, 19.299999999999677
5.227671440852064, 19.319999999999677
5.23335572167681, 19.339999999999677
5.235454987958151, 19.359999999999676
5.2340123716981415, 19.379999999999676
5.229070485969372, 19.399999999999675
5.2206714311583395, 19.419999999999675
5.208856801133675, 19.439999999999674
5.193667689340134, 19.459999999999674
5.175144694819308, 19.479999999999674
5.153327928157879, 19.499999999999673
5.128257017364334, 19.519999999999673
5.099971113674913, 19.539999999999672
5.068508897289788, 19.559999999999672
5.033908583040179, 19.57999999999967
4.996207925987295, 19.59999999999967
4.958950451270022, 19.61999999999967
4.925657854286957, 19.63999999999967
4.896282432828669, 19.65999999999967
4.870777058600234, 19.67999999999967
4.849095170316331, 19.69999999999967
4.831190766879443, 19.71999999999967
4.817018400640151, 19.739999999999668
4.806533170738479, 19.759999999999668
4.7996907165253635, 19.779999999999667
4.7964472110632626, 19.799999999999667
4.796759354704993, 19.819999999999666
4.8005843687497824, 19.839999999999666
4.807879989175666, 19.859999999999665
4.818604460447289, 19.879999999999665
4.832716529398201, 19.899999999999665
4.850175439186754, 19.919999999999664
4.870940923324733, 19.939999999999664
4.894973199777827, 19.959999999999663
4.9222329651370424, 19.979999999999663
4.952681388860301, 19.999999999999662
4.98628010758327, 20.019999999999662
5.022991219498657, 20.03999999999966
5.059271054487009, 20.05999999999966
5.091597773913461, 20.07999999999966
5.120018938474466, 20.09999999999966
5.144581536654574, 20.11999999999966
5.165331991610784, 20.13999999999966
5.182316167974156, 20.15999999999966
5.195579378569496, 20.17999999999966
5.20516639105428, 20.19999999999966
5.211121434477655, 20.219999999999658
5.213488205760534, 20.239999999999657
5.212309876097741, 20.259999999999657
5.207629097283121, 20.279999999999657
5.199488007958553, 20.299999999999656
5.187928239787787, 20.319999999999656
5.17299092355598, 20.339999999999655
5.1547166951958765, 20.359999999999655
5.133145701741464, 20.379999999999654
5.108317607210024, 20.399999999999654
5.080271598413396, 20.419999999999654
5.049046390699299, 20.439999999999653
5.01468023362365, 20.459999999999653
4.9772109165545615, 20.479999999999652
4.940181998525074, 20.499999999999652
4.907115208420162, 20.51999999999965
4.877962877113886, 20.53999999999965
4.852677908996775, 20.55999999999965
4.8312137750757245, 20.57999999999965
4.813524506156909, 20.59999999999965
4.799564686110773, 20.61999999999965
4.78928944521798, 20.63999999999965
4.782654453595432, 20.65999999999965
4.779615914701428, 20.679999999999648
4.780130558918901, 20.699999999999648
4.784155637215918, 20.719999999999647
4.7916489148823915, 20.739999999999647
4.802568665342179, 20.759999999999646
4.8168736640396475, 20.779999999999646
4.834523182399731, 20.799999999999645
4.855476981860723, 20.819999999999645
4.879695307978829, 20.839999999999645
4.9071388846036195, 20.859999999999644
4.937768908123634, 20.879999999999644
4.971547041781142, 20.899999999999643
5.00843541005535, 20.919999999999643
5.044890368797051, 20.939999999999642
5.077390105029171, 20.959999999999642
5.105982204797269, 20.97999999999964
5.130713681629984, 20.99999999999964
5.151630983427134, 21.01999999999964
5.168779999264892, 21.03999999999964
5.182206066119081, 21.05999999999964
5.191953975507611, 21.07999999999964
5.198067980053035, 21.09999999999964
5.200591799966012, 21.11999999999964
5.1995686294509325, 21.139999999999638
5.195041143034367, 21.159999999999638
5.18705150181742, 21.179999999999637
5.175641359652852, 21.199999999999637
5.160851869247879, 21.219999999999636
5.142723688193555, 21.239999999999636
5.121296984921591, 21.259999999999636
5.0966114445895565, 21.279999999999635
5.068706274895244, 21.299999999999635
5.03762021182104, 21.319999999999634
5.003391525309243, 21.339999999999634
4.9660580248691195, 21.359999999999634
4.929163289432521, 21.379999999999633
4.896229067543823, 21.399999999999633
4.867207709499965, 21.419999999999632
4.842052138880662, 21.439999999999632
4.820715845651137, 21.45999999999963
4.8031528793478175, 21.47999999999963
4.789317842346026, 21.49999999999963
4.779165883208681, 21.51999999999963
4.772652690114983, 21.53999999999963
4.769734484368212, 21.55999999999963
4.770368013981596, 21.57999999999963
4.774510547341379, 21.59999999999963
4.7821198669460765, 21.619999999999628
4.7931542632211395, 21.639999999999628
4.80757252840793, 21.659999999999627
4.8253339505263515, 21.679999999999627
4.84639830740996, 21.699999999999626
4.8707258608129855, 21.719999999999626
4.898277350588143, 21.739999999999625
4.929013988934588, 21.759999999999625
4.962897454714959, 21.779999999999625
4.999889887840929, 21.799999999999624
5.039953883726186, 21.819999999999624
5.079546263490105, 21.839999999999623
5.1151456738264605, 21.859999999999623
5.1468001549212605, 21.879999999999622
5.174557168979757, 21.899999999999622
5.198463607180267, 21.91999999999962
5.218565796544264, 21.93999999999962
5.234909506723898, 21.95999999999962
5.247539956707802, 21.97999999999962
5.256501821446216, 21.99999999999962
5.26183923839644, 22.01999999999962
5.263595813989499, 22.03999999999962
5.261814630019024, 22.05999999999962
5.256538249953274, 22.079999999999618
5.247808725171211, 22.099999999999618
5.235667601123526, 22.119999999999617
5.220155923419582, 22.139999999999617
5.201314243841088, 22.159999999999616
5.179182626283454, 22.179999999999616
5.153800652625604, 22.199999999999616
5.125207428529251, 22.219999999999615
5.093441589168338, 22.239999999999615
5.0585413048895855, 22.259999999999614
5.0205442868048715, 22.279999999999614
4.97948779231645, 22.299999999999613
4.938914854891661, 22.319999999999613
4.9023466841729455, 22.339999999999613
4.86973509803897, 22.359999999999612
4.841032494056777, 22.37999999999961
4.816191842507496, 22.39999999999961
4.795166679495861, 22.41999999999961
4.7779111001427275, 22.43999999999961
4.764379751859381, 22.45999999999961
4.7545278277028755, 22.47999999999961
4.748311059811246, 22.49999999999961
4.745685712917723, 22.51999999999961
4.746608577942955, 22.53999999999961
4.751036965664387, 22.559999999999608
4.758928700461727, 22.579999999999607
4.7702421141377265, 22.599999999999607
4.7849360398132506, 22.619999999999607
4.8029698058958346, 22.639999999999606
4.824303230120804, 22.659999999999606
4.848896613664064, 22.679999999999605
4.87671073532573, 22.699999999999605
4.907706845783744, 22.719999999999605
4.941846661916626, 22.739999999999604
4.979092361194529, 22.759999999999604
5.0194065761377535, 22.779999999999603
5.059246164525852, 22.799999999999603
5.095089809271703, 22.819999999999602
5.1269855863446665, 22.839999999999602
5.15498099330284, 22.8599999999996
5.179122956252014, 22.8799999999996
5.1994578367209625, 22.8999999999996
5.21603143845395, 22.9199999999996
5.228889014121547, 22.9399999999996
5.2380752719507155, 22.9599999999996
5.243634382275091, 22.9799999999996
5.245609984006517, 22.9999999999996
5.244045191028669, 23.019999999999598
5.238982598513734, 23.039999999999598
5.230464289163189, 23.059999999999597
5.218531839373396, 23.079999999999597
5.203226325327067, 23.099999999999596
5.184588329011428, 23.119999999999596
5.162657944163981, 23.139999999999596
5.1374747821467395, 23.159999999999595
5.109077977749763, 23.179999999999595
5.077506194924908, 23.199999999999594
5.04279763245056, 23.219999999999594
5.004990029528223, 23.239999999999593
4.964120671311789, 23.259999999999593
4.923732618686363, 23.279999999999593
4.887347108382301, 23.299999999999592
4.85491598504026, 23.31999999999959
4.826391672667333, 23.33999999999959
4.801727167666537, 23.35999999999959
4.780876031950263, 23.37999999999959
4.763792386136504, 23.39999999999959
4.750430902826931, 23.41999999999959
4.740746799965912, 23.43999999999959
4.734695834279361, 23.45999999999959
4.732234294792572, 23.47999999999959
4.733318996426014, 23.499999999999588
4.737907273668173, 23.519999999999587
4.745956974324561, 23.539999999999587
4.7574264533418535, 23.559999999999587
4.772274566706418, 23.579999999999586
4.790460665416202, 23.599999999999586
4.81194458952512, 23.619999999999585
4.836686662259169, 23.639999999999585
4.864647684203262, 23.659999999999584
4.895788927558055, 23.679999999999584
4.9300721304658195, 23.699999999999584
4.96745949140463, 23.719999999999583
5.007913663649979, 23.739999999999583
5.047891525486881, 23.759999999999582
5.083871780086979, 23.779999999999582
5.115902523434657, 23.79999999999958
5.1440312728622395, 23.81999999999958
5.168304974011835, 23.83999999999958
5.188770007713489, 23.85999999999958
5.205472196780511, 23.87999999999958
5.2184568127231055, 23.89999999999958
5.2277685823811835, 23.91999999999958
5.23345169447744, 23.93999999999958
5.235549806091487, 23.959999999999578
5.234106049056205, 23.979999999999578
5.229163036277055, 23.999999999999577
5.220762867975409, 24.019999999999577
5.208947137856744, 24.039999999999576
5.19375693920465, 24.059999999999576
5.175232870901477, 24.079999999999576
5.1534150433765875, 24.099999999999575
5.128343084483029, 24.119999999999575
5.100056145303488, 24.139999999999574
5.0685929058864225, 24.159999999999574
5.033991580913175, 24.179999999999573
4.99628992529686, 24.199999999999573
4.9590314640300655, 24.219999999999573
4.925737892366841, 24.239999999999572
4.896361507954962, 24.25999999999957
4.8708551823584205, 24.27999999999957
4.849172354152498, 24.29999999999957
4.831267022101981, 24.31999999999957
4.817093738421387, 24.33999999999957
4.806607602116327, 24.35999999999957
4.7997642524049295, 24.37999999999957
4.796519862218465, 24.39999999999957
4.796831131780118, 24.41999999999957
4.800655282261063, 24.439999999999568
4.807950049512802, 24.459999999999567
4.818673677874983, 24.479999999999567
4.8327849140576555, 24.499999999999567
4.8502430010971676, 24.519999999999566
4.871007672384765, 24.539999999999566
4.895039145767032, 24.559999999999565
4.922298117717326, 24.579999999999565
4.952745757577314, 24.599999999999564
4.986343701867824, 24.619999999999564
5.02305404866809, 24.639999999999564
5.05933312774657, 24.659999999999563
5.091659100357646, 24.679999999999563
5.120079527088366, 24.699999999999562
5.1446413963151665, 24.719999999999562
5.165391131088248, 24.73999999999956
5.182374595933154, 24.75999999999956
5.1956371035704425, 24.77999999999956
5.205223421554601, 24.79999999999956
5.211177778833015, 24.81999999999956
5.21354387222608, 24.83999999999956
5.212364872829289, 24.85999999999956
5.207683432338374, 24.87999999999956
5.199541689298266, 24.899999999999558
5.18798127527694, 24.919999999999558
5.173043320964923, 24.939999999999557
5.154768462201474, 24.959999999999557
5.133196845928229, 24.979999999999556
5.108368136071214, 24.999999999999556
5.0803215193521, 25.019999999999555
5.049095711029547, 25.039999999999555
5.014728960571473, 25.059999999999555
4.977259057259062, 25.079999999999554
4.940229560039469, 25.099999999999554
4.907162197712791, 25.119999999999553
4.8780093010692624, 25.139999999999553
4.85272377441658, 25.159999999999553
4.8312590886798015, 25.179999999999552
4.813569274584273, 25.19999999999955
4.799608915920544, 25.21999999999955
4.789333142890372, 25.23999999999955
4.782697625532685, 25.25999999999955
4.779658567228764, 25.27999999999955
4.780172698285452, 25.29999999999955
4.784197269595622, 25.31999999999955
4.7916900463749, 25.33999999999955
4.802609301973763, 25.35999999999955
4.816913811764076, 25.379999999999548
4.834562847099133, 25.399999999999547
4.855516169346472, 25.419999999999547
4.87973402399237, 25.439999999999547
4.907177134817324, 25.459999999999546
4.9378066981416335, 25.479999999999546
4.971584377140141, 25.499999999999545
5.008472296225437, 25.519999999999545
5.044926811182511, 25.539999999999544
5.077426108969258, 25.559999999999544
5.1060177755669915, 25.579999999999544
5.130748824440909, 25.599999999999543
5.151665703428118, 25.619999999999543
5.168814301542835, 25.639999999999542
5.1822399556997, 25.659999999999542
5.191987457356156, 25.67999999999954
5.198101059075004, 25.69999999999954
5.200624481007887, 25.71999999999954
5.199600917300879, 25.73999999999954
5.195073042422962, 25.75999999999954
5.187083017418307, 25.77999999999954
5.175672496083464, 25.79999999999954
5.160882631070087, 25.81999999999954
5.142754079914338, 25.839999999999538
5.121327010993724, 25.859999999999538
5.096641109412228, 25.879999999999537
5.068735582814705, 25.899999999999537
5.037649167131259, 25.919999999999536
5.003420132252541, 25.939999999999536
4.966086287636766, 25.959999999999535
4.929191212165354, 25.979999999999535
4.89625665433287, 25.999999999999535
4.867234964387023, 26.019999999999534
4.842079065858917, 26.039999999999534
4.820742448665715, 26.059999999999533
4.8031791622963915, 26.079999999999533
4.78934380907937, 26.099999999999532
4.779191537531238, 26.119999999999532
4.772678035785432, 26.13999999999953
4.769759525100007, 26.15999999999953
4.770392753443517, 26.17999999999953
4.774534989158053, 26.19999999999953
4.7821440146985426, 26.21999999999953
4.793178120447329, 26.23999999999953
4.807596098603234, 26.25999999999953
4.825357237144082, 26.27999999999953
4.846421313861894, 26.299999999999528
4.870748590469853, 26.319999999999528
4.898299806780125, 26.339999999999527
4.929036174951787, 26.359999999999527
4.962919373807903, 26.379999999999526
4.999911543221036, 26.399999999999526
5.039975278566242, 26.419999999999526
5.079567400924714, 26.439999999999525
5.11516655695251, 26.459999999999525
5.146820786798386, 26.479999999999524
5.174577552630794, 26.499999999999524
5.198483745591652, 26.519999999999524
5.218585692666534, 26.539999999999523
5.23492916347208, 26.559999999999523
5.2475593769618545, 26.579999999999522
5.256521008051449, 26.599999999999522
5.261858194163916, 26.61999999999952
5.263614541696476, 26.63999999999952
5.261833132409345, 26.65999999999952
5.25655652973777, 26.67999999999952
5.247826785028094, 26.69999999999952
5.235685443698785, 26.71999999999952
5.220173551327384, 26.73999999999952
5.2013316596641435, 26.75999999999952
5.179199832573379, 26.779999999999518
5.1538176519033385, 26.799999999999518
5.1252242232853975, 26.819999999999517
5.093458181863535, 26.839999999999517
5.058557697954867, 26.859999999999516
5.020560482642031, 26.879999999999516
4.979503793298366, 26.899999999999515
4.938930663362671, 26.919999999999515
4.902362302449193, 26.939999999999515
4.869750528408718, 26.959999999999514
4.841047738780769, 26.979999999999514
4.816206903819266, 26.999999999999513
4.7951815596020815, 27.019999999999513
4.777925801223509, 27.039999999999512
4.764394276068621, 27.059999999999512
4.754542177168544, 27.07999999999951
4.748325236635726, 27.09999999999951
4.745699719178077, 27.11999999999951
4.746622415691291, 27.13999999999951
4.7510506369280945, 27.15999999999951
4.758942207243823, 27.17999999999951
4.770255458417119, 27.19999999999951
4.7849492235450395, 27.21999999999951
4.802982831011607, 27.239999999999508
4.82431609852889, 27.259999999999508
4.8489093272498405, 27.279999999999507
4.876723295951899, 27.299999999999507
4.907719255290589, 27.319999999999506
4.941858922122305, 27.339999999999506
4.97910447389531, 27.359999999999506
5.019418543108287, 27.379999999999505
5.05925798751945, 27.399999999999505
5.095101490020579, 27.419999999999504
5.1269971265601955, 27.439999999999504
5.154992394675809, 27.459999999999503
5.179134220452866, 27.479999999999503
5.199468965400048, 27.499999999999503
5.216042433241753, 27.519999999999502
5.22889987662894, 27.5399999999995
5.2380860037691805, 27.5599999999995
5.243644984976987, 27.5799999999995
5.245620459145267, 27.5999999999995
5.24405554013899, 27.6199999999995
5.238992823111909, 27.6399999999995
5.23047439074725, 27.6599999999995
5.218541819423348, 27.6799999999995
5.203236185305111, 27.6999999999995
5.18459807036217, 27.719999999999498
5.1626675683146495, 27.739999999999498
5.137484290507396, 27.759999999999497
5.1090873717135015, 27.779999999999497
5.077515475868059, 27.799999999999496
5.042806801732894, 27.819999999999496
5.004999088493152, 27.839999999999495
4.964129621286555, 27.859999999999495
4.9237414609822565, 27.879999999999495
4.887355844294826, 27.899999999999494
4.854924615849339, 27.919999999999494
4.826400199637479, 27.939999999999493
4.801735592047059, 27.959999999999493
4.780884354975437, 27.979999999999492
4.7638006090257505, 27.999999999999492
4.750439026785011, 28.01999999999949
4.740754826183079, 28.03999999999949
4.734703763931557, 28.05999999999949
4.732242129041594, 28.07999999999949
4.733326736419669, 28.09999999999949
4.737914920540475, 28.11999999999949
4.745964529195863, 28.13999999999949
4.757433917319045, 28.15999999999949
4.772281940883064, 28.179999999999488
4.790467950872703, 28.199999999999488
4.811951787328884, 28.219999999999487
4.836693773464773, 28.239999999999487
4.864654709852582, 28.259999999999486
4.895795868680433, 28.279999999999486
4.930078988078217, 28.299999999999486
4.967466266511776, 28.319999999999485
5.007920357244501, 28.339999999999485
5.047898138549465, 28.359999999999484
5.083878313586527, 28.379999999999484
5.115908978328414, 28.399999999999483
5.144037650095922, 28.419999999999483
5.168311274519789, 28.439999999999483
5.188776232418817, 28.459999999999482
5.205478346595207, 28.47999999999948
5.218462888548194, 28.49999999999948
5.227774585106852, 28.51999999999948
5.233457624983154, 28.53999999999948
5.235555665246154, 28.55999999999948
5.234111837718249, 28.57999999999948
5.229168755294588, 28.59999999999948
5.220768518186339, 28.61999999999948
5.208952720088896, 28.63999999999948
5.1937624542758885, 28.659999999999478
5.17523831961983, 28.679999999999477
5.153420426540362, 28.699999999999477
5.12834840288092, 28.719999999999477
5.100061399714704, 28.739999999999476
5.068598097080806, 28.759999999999476
5.033996709651292, 28.779999999999475
4.996294992330134, 28.799999999999475
4.959036470100888, 28.819999999999474
4.925742838208669, 28.839999999999474
4.89636639429242, 28.859999999999474
4.870860009907406, 28.879999999999473
4.849177123620309, 28.899999999999473
4.831271734187404, 28.919999999999472
4.8170983938148035, 28.939999999999472
4.806612201499803, 28.95999999999947
4.799768796452337, 28.97999999999947
4.796524351595556, 28.99999999999947
4.796835567144648, 29.01999999999947
4.800659664262865, 29.03999999999947
4.807954378793895, 29.05999999999947
4.818677955069659, 29.07999999999947
4.832789139792577, 29.09999999999947
4.85024717599145, 29.119999999999468
4.871011797050085, 29.139999999999468
4.8950432208077075, 29.159999999999467
4.922302143730397, 29.179999999999467
4.952749735152652, 29.199999999999466
4.986347631588181, 29.219999999999466
5.023057931109223, 29.239999999999466
5.0593369634773095, 29.259999999999465
5.0916628899399745, 29.279999999999465
5.120083271077498, 29.299999999999464
5.14464509525964, 29.319999999999464
5.1653947855300055, 29.339999999999463
5.182378206407611, 29.359999999999463
5.195640670606577, 29.379999999999463
5.20522694567503, 29.399999999999462
5.211181260554071, 29.41999999999946
5.21354731205787, 29.43999999999946
5.212368271275806, 29.45999999999946
5.207686789897524, 29.47999999999946
5.199545006461972, 29.49999999999946
5.18798455253121, 29.51999999999946
5.173046558789906, 29.53999999999946
5.1547716610715675, 29.55999999999946
5.133200006312086, 29.57999999999946
5.1083712584318866, 29.599999999999458
5.080324604147047, 29.619999999999457
5.049098758710736, 29.639999999999457
5.014731971585428, 29.659999999999457
4.977262032046923, 29.679999999999456
4.940232499037071, 29.699999999999456
4.907165101350745, 29.719999999999455
4.878012169772995, 29.739999999999455
4.852726608606386, 29.759999999999454
4.831261888770925, 29.779999999999454
4.813572040986959, 29.799999999999454
4.799611649040108, 29.819999999999453
4.789335843127247, 29.839999999999453
4.782700293282497, 29.859999999999452
4.779661202882367, 29.879999999999452
4.780175302228987, 29.89999999999945
4.784199842210599, 29.91999999999945
4.791692588038245, 29.93999999999945
4.802611813057871, 29.95999999999945
4.816916292636848, 29.97999999999945
4.834565298124049, 29.99999999999945
4.855518590882625, 30.01999999999945
4.8797364163945485, 30.03999999999945
4.9071794984360535, 30.059999999999448
4.937809033323207, 30.079999999999448
4.971586684226696, 30.099999999999447
5.00847457555499, 30.119999999999447
5.0449290630890085, 30.139999999999446
5.077428333782636, 30.159999999999446
5.106019973613209, 30.179999999999445
5.130750996041998, 30.199999999999445
5.151667848902259, 30.219999999999445
5.168816421204368, 30.239999999999444
5.182242049859167, 30.259999999999444
5.191989526320392, 30.279999999999443
5.198103103147126, 30.299999999999443
5.200626500487381, 30.319999999999443
5.199602912483638, 30.339999999999442
5.1950750136012855, 30.35999999999944
5.18708496488101, 30.37999999999944
5.175674420115867, 30.39999999999944
5.1608845319540855, 30.41999999999944
5.14275595792844, 30.43999999999944
5.121328866413069, 30.45999999999944
5.096642942508665, 30.47999999999944
5.0687373938568125, 30.49999999999944
5.037650956384365, 30.51999999999944
5.003421899978796, 30.539999999999438
4.966088034095165, 30.559999999999437
4.929192937611775, 30.579999999999437
4.896258359020107, 30.599999999999437
4.867236648564844, 30.619999999999436
4.84208072977406, 30.639999999999436
4.820744092561976, 30.659999999999435
4.803180786414616, 30.679999999999435
4.789345413657521, 30.699999999999434
4.7791931228044024, 30.719999999999434
4.772679601985867, 30.739999999999434
4.7697610724571735, 30.759999999999433
4.770394282184136, 30.779999999999433
4.774536499506095, 30.799999999999432
4.782145506875287, 30.819999999999432
4.793179594671414, 30.83999999999943
4.807597555090649, 30.85999999999943
4.825358676108215, 30.87999999999943
4.846422735513576, 30.89999999999943
4.870749995017367, 30.91999999999943
4.898301194429255, 30.93999999999943
4.929037545905837, 30.95999999999943
4.962920728267751, 30.97999999999943
4.999912881385116, 30.999999999999428
5.039976600630605, 31.019999999999428
5.079568707083067, 31.039999999999427
5.115167847396218, 31.059999999999427
5.146822061716514, 31.079999999999426
5.1745788122101315, 31.099999999999426
5.19848499001675, 31.119999999999425
5.218586922119716, 31.139999999999425
5.234930378133477, 31.159999999999425
5.247560577009418, 31.179999999999424
5.256522193661005, 31.199999999999424
5.26185936550918, 31.219999999999423
5.263615698949061, 31.239999999999423
5.2618342757387975, 31.259999999999422
5.256557659311599, 31.279999999999422
5.2478279010117985, 31.29999999999942
5.23568654625588, 31.31999999999942
5.220174640619396, 31.33999999999942
5.201332735850664, 31.35999999999942
5.17920089581209, 31.37999999999942
5.15381870235001, 31.39999999999942
5.125225261093943, 31.41999999999942
5.093459207186014, 31.43999999999942
5.0585587109414885, 31.459999999999418
5.020561483441214, 31.479999999999418
4.979504782056743, 31.499999999999417
4.938931640225107, 31.519999999999417
4.9023632675588, 31.539999999999417
4.869751481906901, 31.559999999999416
4.841048680807236, 31.579999999999416
4.816207834512034, 31.599999999999415
4.795182479097509, 31.619999999999415
4.777926709656311, 31.639999999999414
4.7643951735718995, 31.659999999999414
4.754543063873792, 31.679999999999414
4.748326112672851, 31.699999999999413
4.745700584675432, 31.719999999999413
4.746623270775679, 31.739999999999412
4.751051481724799, 31.759999999999412
4.758943041876619, 31.77999999999941
4.770256283008287, 31.79999999999941
4.784950038215396, 31.81999999999941
4.802983635880505, 31.83999999999941
4.824316893714256, 31.85999999999941
4.848910112868181, 31.87999999999941
4.876724072118313, 31.89999999999941
4.907720022118807, 31.91999999999941
4.941859679724655, 31.939999999999408
4.979105222382789, 31.959999999999408
5.019419282590577, 31.979999999999407
5.0592587181048865, 31.999999999999407
5.095102211816203, 32.019999999999406
5.126997839671763, 32.03999999999941
5.154993099207785, 32.05999999999941
5.179134916508487, 32.079999999999416
5.199469653081286, 32.09999999999942
5.2160431126493565, 32.11999999999942
5.22890054786245, 32.139999999999425
5.238086666926954, 32.15999999999943
5.243645640156172, 32.17999999999943
5.245621106441857, 32.199999999999434
5.244056179647838, 32.21999999999944
5.238993454926707, 32.23999999999944
5.2304750149605574, 32.259999999999444
5.218542436126625, 32.27999999999945
5.203236794588703, 32.29999999999945
5.184598672315353, 32.31999999999945
5.162668163025617, 32.339999999999456
5.137484878063278, 32.35999999999946
5.109087952200384, 32.37999999999946
5.077516049370982, 32.399999999999466
5.042807368335895, 32.41999999999947
5.004999648279236, 32.43999999999947
4.964130174337743, 32.459999999999475
4.923742007379575, 32.47999999999948
4.887356384118338, 32.49999999999948
4.854925149178132, 32.519999999999484
4.82640072654969, 32.53999999999949
4.801736112619886, 32.55999999999949
4.780884869285151, 32.579999999999494
4.763801117147701, 32.5999999999995
4.750439528793646, 32.6199999999995
4.740755322151954, 32.6399999999995
4.734704253933338, 32.659999999999506
4.732242613148061, 32.67999999999951
4.733327214701762, 32.69999999999951
4.7379153930682625, 32.719999999999516
4.745964996038579, 32.73999999999952
4.7574343785450806, 32.75999999999952
4.772282396559998, 32.779999999999525
4.790468401067299, 32.79999999999953
4.8119522321071075, 32.81999999999953
4.836694212891784, 32.839999999999534
4.864655143992763, 32.85999999999954
4.895796297597385, 32.87999999999954
4.930079411834787, 32.899999999999544
4.967466685170041, 32.91999999999955
5.007920770865807, 32.93999999999955
5.047898547194424, 32.95999999999955
5.083878717314996, 32.979999999999556
5.115909377199547, 32.99999999999956
5.144038044168162, 33.01999999999956
5.168311663850873, 33.039999999999566
5.188776617065782, 33.05999999999957
5.205478726614409, 33.07999999999957
5.218463263995312, 33.099999999999575
5.227774956036891, 33.11999999999958
5.23345799145047, 33.13999999999958
5.235556027304417, 33.159999999999584
5.234112195420524, 33.17999999999959
5.2291691086932754, 33.19999999999959
5.2207688673332155, 33.219999999999594
5.208953065035128, 33.2399999999996
5.1937627950720024, 33.2599999999996
5.175238656315759, 33.2799999999996
5.153420759185436, 33.299999999999606
5.128348731523871, 33.31999999999961
5.10006172440369, 33.33999999999961
5.0685984178633925, 33.359999999999616
5.033997026574487, 33.37999999999962
4.996295305440368, 33.39999999999962
4.959036779444032, 33.419999999999625
4.925743143830037, 33.43999999999963
4.896366696236797, 33.45999999999963
4.870860308219032, 33.479999999999634
4.849177418342891, 33.49999999999964
4.831272025364121, 33.51999999999964
4.817098681488319, 33.539999999999644
4.806612485712262, 33.55999999999965
4.799769077245383, 33.57999999999965
4.796524629010338, 33.59999999999965
4.796835841221805, 33.619999999999656
4.800659935042547, 33.63999999999966
4.807954646315777, 33.65999999999966
4.818678219372934, 33.679999999999666
4.832789400915969, 33.69999999999967
4.8502474339732204, 33.71999999999967
4.87101205192803, 33.739999999999675
4.895043472619165, 33.75999999999968
4.922302392512265, 33.77999999999968
4.952749980941372, 33.799999999999685
4.9863478744197804, 33.81999999999969
5.023058171019273, 33.83999999999969
5.059337200500949, 33.859999999999694
5.09166312411193, 33.8799999999997
5.120083502432085, 33.8999999999997
5.144645323830758, 33.9199999999997
5.165395011351147, 33.939999999999706
5.182378429511851, 33.95999999999971
5.1956408910266125, 33.97999999999971
5.205227163443152, 33.999999999999716
5.211181475702181, 34.01999999999972
5.213547524617496, 34.03999999999972
5.212368481278089, 34.059999999999725
5.207686997373231, 34.07999999999973
5.199545211441502, 34.09999999999973
5.187984755044585, 34.119999999999735
5.1730467588668185, 34.13999999999974
5.154771858741306, 34.15999999999974
5.133200201603632, 34.179999999999744
5.108371451373836, 34.19999999999975
5.080324794767678, 34.21999999999975
5.049098947037971, 34.23999999999975
5.0147321576468675, 34.259999999999756
4.977262215869827, 34.27999999999976
4.940232680648376, 34.29999999999976
4.907165280777052, 34.319999999999766
4.87801234704059, 34.33999999999977
4.852726783741235, 34.35999999999977
4.831262061798692, 34.379999999999775
4.813572211932995, 34.39999999999978
4.799611817929463, 34.41999999999978
4.789336009984659, 34.439999999999785
4.782700458132411, 34.45999999999979
4.779661365748933, 34.47999999999979
4.780175463136087, 34.499999999999794
4.784200001181801, 34.5199999999998
4.791692745096835, 34.5399999999998
4.802611968226855, 34.5599999999998
4.816916445938959, 34.57999999999981
4.834565449581749, 34.59999999999981
4.855518740518124, 34.61999999999981
4.879736564229753, 34.639999999999816
4.907179644492625, 34.65999999999982
4.937809177622547, 34.67999999999982
4.971586826789937, 34.699999999999825
5.008474716403027, 34.71999999999983
5.044929202242472, 34.73999999999983
5.077428471261918, 34.759999999999835
5.1060201094384565, 34.77999999999984
5.130751130233116, 34.79999999999984
5.151667981478899, 34.819999999999844
5.16881655218595, 34.83999999999985
5.182242179264891, 34.85999999999985
5.191989654169207, 34.87999999999985
5.198103229457769, 34.89999999999986
5.2006266252783515, 34.91999999999986
5.199603035773222, 34.93999999999986
5.1950751354075475, 34.959999999999866
5.1870850852217965, 34.97999999999987
5.175674539008811, 34.99999999999987
5.160884649416604, 35.019999999999875
5.142756073977742, 35.03999999999988
5.121328981066167, 35.05999999999988
5.09664305578235, 35.079999999999885
5.068737505767677, 35.09999999999989
5.037651066948819, 35.11999999999989
5.003422009213031, 35.139999999999894
4.9660881420151775, 35.1599999999999
4.929193044233376, 35.1799999999999
4.896258464358922, 35.1999999999999
4.867236752636305, 35.21999999999991
4.842080832593414, 35.23999999999991
4.820744194144296, 35.25999999999991
4.803180886774778, 35.279999999999916
4.789345512810228, 35.29999999999992
4.779193220764178, 35.31999999999992
4.772679698767073, 35.339999999999925
4.769761168074003, 35.35999999999993
4.77039437665057, 35.37999999999993
4.77453659283599, 35.399999999999935
4.782145599082314, 35.41999999999994
4.793179685769077, 35.43999999999994
4.807597645092292, 35.459999999999944
4.825358765027032, 35.47999999999995
4.846422823362593, 35.49999999999995
4.870750081809459, 35.51999999999995
4.898301280177131, 35.53999999999996
4.929037630622062, 35.55999999999996
4.962920811964727, 35.57999999999996
4.9999129640751185, 35.599999999999966
5.0399766823257455, 35.61999999999997
5.079568787795314, 35.63999999999997
5.115167927137409, 35.659999999999975
5.146822140498326, 35.67999999999998
5.1745788900441045, 35.69999999999998
5.198485066914294, 35.719999999999985
5.218586998092091, 35.73999999999999
5.234930453191823, 35.75999999999999
5.247560651164724, 35.779999999999994
5.256522266924135, 35.8
5.261859437890868, 35.82
5.263615770459904, 35.84
5.261834346389276, 35.86000000000001
5.25655772911207, 35.88000000000001
5.247827969972483, 35.90000000000001
5.235686614386883, 35.920000000000016
5.220174707930697, 35.94000000000002
5.201332802352131, 35.96000000000002
5.179200961513464, 35.980000000000025
5.1538187672609235, 36.00000000000003
5.1252253252238935, 36.02000000000003
5.093459270544394, 36.040000000000035
5.05855877353759, 36.06000000000004
5.020561545284209, 36.08000000000004
4.9795048431556905, 36.100000000000044
4.938931700588953, 36.12000000000005
4.90236332719641, 36.14000000000005
4.869751540826998, 36.16000000000005
4.841048739018449, 36.18000000000006
4.816207892022898, 36.20000000000006
4.795182535916446, 36.22000000000006
4.777926765791642, 36.240000000000066
4.764395229031845, 36.26000000000007
4.754543118666502, 36.28000000000007
4.748326166806339, 36.300000000000075
4.745700638157642, 36.32000000000008
4.746623323614425, 36.34000000000008
4.751051533927829, 36.360000000000085
4.75894309345158, 36.38000000000009
4.770256333962734, 36.40000000000009
4.784950088556791, 36.420000000000094
4.80298368561623, 36.4400000000001
4.8243169428516035, 36.4600000000001
4.848910161414346, 36.4800000000001
4.876724120080413, 36.50000000000011
4.907720069503858, 36.52000000000011
4.941859726539613, 36.54000000000011
4.9791052686345125, 36.560000000000116
5.019419328285834, 36.58000000000012
5.059258763250374, 36.60000000000012
5.095102256418533, 36.620000000000125
5.126997883737472, 36.64000000000013
5.154993142743338, 36.66000000000013
5.179134959520244, 36.680000000000135
5.199469695575562, 36.70000000000014
5.2160431546323895, 36.72000000000014
5.228900589340385, 36.740000000000144
5.238086707905849, 36.76000000000015
5.243645680642041, 36.78000000000015
5.245621146440639, 36.80000000000015
5.24405621916538, 36.82000000000016
5.2389934939688025, 36.84000000000016
5.230475053532935, 36.86000000000016
5.2185424742349245, 36.880000000000166
5.203236832238522, 36.90000000000017
5.184598709512197, 36.92000000000017
5.162668199774941, 36.940000000000175
5.137484914370467, 36.96000000000018
5.109087988070746, 36.98000000000018
5.077516084809789, 37.000000000000185
5.042807403348324, 37.02000000000019
5.004999682870434, 37.04000000000019
4.964130208512768, 37.060000000000194
4.92374204114344, 37.0800000000002
4.887356417475983, 37.1000000000002
4.854925182134449, 37.1200000000002
4.826400759109499, 37.14000000000021
4.801736144787965, 37.16000000000021
4.780884901066222, 37.18000000000021
4.7638011485464125, 37.200000000000216
4.750439559814592, 37.22000000000022
4.740755352799684, 37.24000000000022
4.734704284212339, 37.260000000000225
4.732242643062776, 37.28000000000023
4.73332724425657, 37.30000000000023
4.73791542226749, 37.320000000000235
4.745965024886507, 37.34000000000024
4.757434407045932, 37.36000000000024
4.772282424717952, 37.380000000000244
4.790468428886476, 37.40000000000025
4.811952259591586, 37.42000000000025
4.83669424004558, 37.44000000000025
4.8646551708198755, 37.46000000000026
4.895796324101739, 37.48000000000026
4.930079438020257, 37.50000000000026
4.96746671104047, 37.520000000000266
5.00792079642498, 37.54000000000027
5.04789857244609, 37.56000000000027
5.083878742262862, 37.580000000000275
5.115909401847253, 37.60000000000028
5.144038068519325, 37.62000000000028
5.168311687909066, 37.640000000000285
5.188776640834533, 37.66000000000029
5.205478750097201, 37.68000000000029
5.218463287195575, 37.700000000000294
5.227774978958026, 37.7200000000003
5.23345801409583, 37.7400000000003
5.23555604967733, 37.7600000000003
5.234112217524262, 37.78000000000031
5.2291691305310835, 37.80000000000031
5.220768888908292, 37.82000000000031
5.208953086350629, 37.840000000000316
5.193762816131061, 37.86000000000032
5.175238677121451, 37.88000000000032
5.15342077974081, 37.900000000000325
5.128348751831939, 37.92000000000033
5.100061744467427, 37.94000000000033
5.068598437685749, 37.960000000000335
5.033997046158355, 37.98000000000034
4.9962953247886235, 38.00000000000034
4.959036798559499, 38.020000000000344
4.9257431627155315, 38.04000000000035
4.89636671489508, 38.06000000000035
4.87086032665283, 38.080000000000354
4.849177436554906, 38.10000000000036
4.83127204335702, 38.12000000000036
4.817098699264734, 38.14000000000036
4.80661250327481, 38.160000000000366
4.799769094596635, 38.18000000000037
4.796524646152827, 38.20000000000037
4.796835858158047, 38.220000000000375
4.800659951775021, 38.24000000000038
4.807954662846945, 38.26000000000038
4.818678235705218, 38.280000000000385
4.83278941705176, 38.30000000000039
4.8502474499148835, 38.32000000000039
4.871012067677898, 38.340000000000394
4.895043488179543, 38.3600000000004
4.922302407885429, 38.3800000000004
4.952749996129584, 38.400000000000404
4.9863478894252555, 38.42000000000041
5.023058185844211, 38.44000000000041
5.05933721514753, 38.46000000000041
5.0916631385822955, 38.480000000000416
5.120083516728357, 38.50000000000042
5.144645337955029, 38.52000000000042
5.165395025305478, 38.540000000000425
5.182378443298301, 38.56000000000043
5.195640904647199, 38.58000000000043
5.205227176899869, 38.600000000000435
5.211181488997006, 38.62000000000044
5.213547537752373, 38.64000000000044
5.2123684942549255, 38.660000000000444
5.20768701019394, 38.68000000000045
5.199545224107963, 38.70000000000045
5.18798476755866, 38.720000000000454
5.173046771230329, 38.74000000000046
5.154771870956075, 38.76000000000046
5.133200213671445, 38.78000000000046
5.108371463296463, 38.800000000000466
5.080324806546855, 38.82000000000047
5.049098958675436, 38.84000000000047
5.0147321691443105, 38.860000000000475
4.977262227228939, 38.88000000000048
4.94023269187083, 38.90000000000048
4.90716529186449, 38.920000000000485
4.878012357994629, 38.94000000000049
4.852726794563487, 38.96000000000049
4.831262072490742, 38.980000000000494
4.8135722224964095, 39.0000000000005
4.799611828365787, 39.0200000000005
4.789336020295419, 39.040000000000504
4.7827004683191205, 39.06000000000051
4.77966137581309, 39.08000000000051
4.780175473079156, 39.10000000000051
4.78420001100525, 39.120000000000516
4.791692754802097, 39.14000000000052
4.802611977815354, 39.16000000000052
4.816916455412089, 39.180000000000526
4.83456545894091, 39.20000000000053
4.855518749764671, 39.22000000000053
4.879736573365057, 39.240000000000535
4.907179653518019, 39.26000000000054
4.9378091865393525, 39.28000000000054
4.97158683559947, 39.300000000000544
5.0084747251065656, 39.32000000000055
5.044929210841293, 39.34000000000055
5.0774284797572795, 39.360000000000554
5.106020117831609, 39.38000000000056
5.130751138525292, 39.40000000000056
5.151667989671307, 39.42000000000056
5.16881656027979, 39.440000000000566
5.1822421872613535, 39.46000000000057
5.191989662069466, 39.48000000000057
5.1981032372629725, 39.500000000000576
5.200626632989648, 39.52000000000058
5.199603043391739, 39.54000000000058
5.195075142934412, 39.560000000000585
5.187085092658106, 39.58000000000059
5.175674546355649, 39.60000000000059
5.160884656675046, 39.620000000000594
5.142756081148855, 39.6400000000006
5.121328988150995, 39.6600000000006
5.096643062781938, 39.680000000000604
5.068737512683046, 39.70000000000061
5.037651073780977, 39.72000000000061
5.003422015962987, 39.74000000000061
4.966088148683921, 39.760000000000616
4.929193050821891, 39.78000000000062
4.896258470868174, 39.80000000000062
4.867236759067246, 39.820000000000626
4.842080838946986, 39.84000000000063
4.820744200421429, 39.86000000000063
4.803180892976401, 39.880000000000635
4.789345518937239, 39.90000000000064
4.779193226817476, 39.92000000000064
4.772679704747541, 39.940000000000644
4.76976117398251, 39.96000000000065
4.770394382487993, 39.98000000000065
4.7745365986031825, 40.000000000000654
4.7821456047801245, 40.02000000000066
4.793179691398335, 40.04000000000066
4.807597650653825, 40.06000000000066
4.825358770521646, 40.080000000000666
4.846422828791101, 40.10000000000067
4.870750087172648, 40.12000000000067
4.8983012854757995, 40.140000000000676
4.929037635856984, 40.16000000000068
4.96292081713667, 40.18000000000068
4.999912969184836, 40.200000000000685
5.039976687373992, 40.22000000000069
5.079568792782822, 40.24000000000069
5.115167932064908, 40.260000000000694
5.146822145366541, 40.2800000000007
5.174578894853748, 40.3000000000007
5.198485071666066, 40.320000000000704
5.218587002786691, 40.34000000000071
5.234930457829933, 40.36000000000071
5.2475606557470345, 40.38000000000071
5.25652227145132, 40.400000000000716
5.2618594423635825, 40.42000000000072
5.263615774878811, 40.44000000000072
5.26183435075503, 40.460000000000726
5.2565577334253035, 40.48000000000073
5.247827974233828, 40.50000000000073
5.235686618596961, 40.520000000000735
5.220174712090121, 40.54000000000074
5.201332806461513, 40.56000000000074
5.179200965573409, 40.580000000000744
5.153818771272021, 40.60000000000075
5.1252253291867405, 40.62000000000075
5.093459274459572, 40.640000000000754
5.058558777405667, 40.66000000000076
5.020561549105742, 40.68000000000076
4.9795048469312455, 40.70000000000076
4.938931704319086, 40.720000000000766
4.902363330881659, 40.74000000000077
4.869751544467907, 40.76000000000077
4.841048742615555, 40.780000000000776
4.8162078955767305, 40.80000000000078
4.795182539427531, 40.82000000000078
4.777926769260495, 40.840000000000785
4.76439523245897, 40.86000000000079
4.754543122052383, 40.88000000000079
4.748326170151484, 40.900000000000794
4.745700641462537, 40.9200000000008
4.746623326879558, 40.9400000000008
4.751051537153682, 40.960000000000804
4.75894309663862, 40.98000000000081
4.7702563371114275, 41.00000000000081
4.784950091667607, 41.02000000000081
4.802983688689621, 41.040000000000816
4.82431694588802, 41.06000000000082
4.848910164414226, 41.08000000000082
4.87672412304419, 41.100000000000826
4.9077200724319745, 41.12000000000083
4.941859729432504, 41.14000000000083
4.979105271492605, 41.160000000000835
5.019419331109536, 41.18000000000084
5.059258766040108, 41.20000000000084
5.095102259174711, 41.220000000000844
5.126997886460486, 41.24000000000085
5.154993145433594, 41.26000000000085
5.179134962178138, 41.280000000000854
5.1994696982014785, 41.30000000000086
5.216043157226709, 41.32000000000086
5.228900591903486, 41.34000000000086
5.238086710438118, 41.360000000000866
5.243645683143845, 41.38000000000087
5.245621148912346, 41.40000000000087
5.244056221607359, 41.420000000000876
5.238993496381402, 41.44000000000088
5.230475055916513, 41.46000000000088
5.218542476589833, 41.480000000000885
5.203236834565103, 41.50000000000089
5.184598711810786, 41.52000000000089
5.162668202045876, 41.540000000000894
5.137484916614079, 41.5600000000009
5.109087990287375, 41.5800000000009
5.077516086999753, 41.600000000000904
5.0428074055119465, 41.62000000000091
5.0049996850080225, 41.64000000000091
4.964130210624645, 41.66000000000091
4.92374204322991, 41.680000000000916
4.887356419537356, 41.70000000000092
4.854925184171014, 41.72000000000092
4.826400761121569, 41.740000000000926
4.801736146775826, 41.76000000000093
4.780884903030159, 41.78000000000093
4.763801150486724, 41.800000000000935
4.750439561731559, 41.82000000000094
4.74075535469358, 41.84000000000094
4.734704286083451, 41.860000000000944
4.732242644911376, 41.88000000000095
4.733327246082923, 41.90000000000095
4.737915424071869, 41.920000000000954
4.745965026669176, 41.94000000000096
4.757434408807159, 41.96000000000096
4.772282426457991, 41.98000000000096
4.79046843060559, 42.000000000000966
4.811952261290019, 42.02000000000097
4.836694241723576, 42.04000000000097
4.864655172477678, 42.060000000000976
4.895796325739599, 42.08000000000098
4.930079439638408, 42.10000000000098
4.967466712639156, 42.120000000000985
5.007920798004439, 42.14000000000099
5.047898574006543, 42.16000000000099
5.0838787438045285, 42.180000000000994
5.115909403370381, 42.200000000001
5.144038070024129, 42.220000000001
5.168311689395767, 42.240000000001004
5.188776642303339, 42.26000000000101
5.205478751548325, 42.28000000000101
5.218463288629242, 42.30000000000101
5.22777498037445, 42.320000000001016
5.233458015495214, 42.34000000000102
5.235556051059883, 42.36000000000102
5.234112218890187, 42.380000000001026
5.229169131880574, 42.40000000000103
5.220768890241543, 42.42000000000103
5.208953087667841, 42.440000000001035
5.193762817432414, 42.46000000000104
5.175238678407143, 42.48000000000104
5.153420781011029, 42.500000000001044
5.1283487530868745, 42.52000000000105
5.100061745707267, 42.54000000000105
5.068598438910668, 42.560000000001054
5.033997047368532, 42.58000000000106
4.996295325984244, 42.60000000000106
4.959036799740741, 42.62000000000106
4.925743163882555, 42.640000000001066
4.896366716048058, 42.66000000000107
4.870860327791935, 42.68000000000107
4.849177437680307, 42.700000000001076
4.831272044468881, 42.72000000000108
4.817098700363219, 42.74000000000108
4.806612504360075, 42.760000000001085
4.799769095668841, 42.78000000000109
4.796524647212134, 42.80000000000109
4.796835859204606, 42.820000000001095
4.800659952808997, 42.8400000000011
4.80795466386847, 42.8600000000011
4.8186782367144545, 42.880000000001104
4.832789418048852, 42.90000000000111
4.850247450899978, 42.92000000000111
4.871012068651136, 42.94000000000111
4.895043489141071, 42.960000000001116
4.9223024088353915, 42.98000000000112
4.952749997068116, 43.00000000000112
4.986347890352498, 43.020000000001126
5.023058186760302, 43.04000000000113
5.059337216052592, 43.06000000000113
5.091663139476478, 43.080000000001135
5.120083517611781, 43.10000000000114
5.144645338827823, 43.12000000000114
5.165395026167777, 43.140000000001145
5.182378444150228, 43.16000000000115
5.195640905488875, 43.18000000000115
5.205227177731418, 43.200000000001154
5.211181489818547, 43.22000000000116
5.213547538564028, 43.24000000000116
5.212368495056823, 43.26000000000116
5.207687010986184, 43.280000000001166
5.199545224890668, 43.30000000000117
5.187984768331941, 43.32000000000117
5.1730467719943025, 43.340000000001176
5.154771871710855, 43.36000000000118
5.1332002144171405, 43.38000000000118
5.108371464033179, 43.400000000001185
5.0803248072747165, 43.42000000000119
5.049098959394538, 43.44000000000119
5.014732169854767, 43.460000000001195
4.97726222793085, 43.4800000000012
4.940232692564295, 43.5000000000012
4.907165292549607, 43.520000000001204
4.87801235867151, 43.54000000000121
4.852726795232228, 43.56000000000121
4.831262073151433, 43.58000000000121
4.81357222314915, 43.60000000000122
4.79961182901067, 43.62000000000122
4.78933602093254, 43.64000000000122
4.782700468948575, 43.660000000001226
4.779661376434974, 43.68000000000123
4.780175473693559, 43.70000000000123
4.78420001161225, 43.720000000001235
4.791692755401796, 43.74000000000124
4.802611978407833, 43.76000000000124
4.816916455997443, 43.780000000001245
4.834565459519217, 43.80000000000125
4.855518750336026, 43.82000000000125
4.879736573929543, 43.840000000001254
4.907179654075714, 43.86000000000126
4.937809187090345, 43.88000000000126
4.971586836143828, 43.90000000000126
5.008474725644381, 43.92000000000127
5.044929211372641, 43.94000000000127
5.077428480282236, 43.96000000000127
5.106020118350252, 43.980000000001276
5.130751139037694, 44.00000000000128
5.151667990177548, 44.02000000000128
5.168816560779943, 44.040000000001285
5.1822421877554845, 44.06000000000129
5.1919896625576385, 44.08000000000129
5.198103237745271, 44.100000000001295
5.200626633466148, 44.1200000000013
5.199603043862508, 44.1400000000013
5.195075143399512, 44.160000000001304
5.18708509311761, 44.18000000000131
5.175674546809623, 44.20000000000131
5.160884657123561, 44.22000000000131
5.142756081591965, 44.24000000000132
5.121328988588774, 44.26000000000132
5.0966430632144535, 44.28000000000132
5.0687375131103565, 44.300000000001326
5.03765107420315, 44.32000000000133
5.003422016380083, 44.34000000000133
4.966088149095998, 44.360000000001335
4.929193051229009, 44.38000000000134
4.896258471270388, 44.40000000000134
4.867236759464618, 44.420000000001345
4.842080839339583, 44.44000000000135
4.820744200809294, 44.46000000000135
4.803180893359595, 44.480000000001354
4.7893455193158205, 44.50000000000136
4.779193227191501, 44.52000000000136
4.772679705117062, 44.54000000000136
4.7697611743475825, 44.56000000000137
4.770394382848676, 44.58000000000137
4.774536598959524, 44.60000000000137
4.782145605132181, 44.620000000001376
4.793179691746154, 44.64000000000138
4.807597650997456, 44.66000000000138
4.825358770861147, 44.680000000001385
4.846422829126519, 44.70000000000139
4.8707500875040335, 44.72000000000139
4.8983012858031865, 44.740000000001395
4.929037636180432, 44.7600000000014
4.962920817456234, 44.7800000000014
4.999912969500562, 44.800000000001404
5.039976687685927, 44.82000000000141
5.079568793091007, 44.84000000000141
5.115167932369383, 44.86000000000141
5.146822145667355, 44.88000000000142
5.17457889515094, 44.90000000000142
5.198485071959682, 44.92000000000142
5.218587003076771, 44.940000000001426
5.234930458116524, 44.96000000000143
5.2475606560301795, 44.98000000000143
5.256522271731056, 45.000000000001435
5.261859442639952, 45.02000000000144
5.26361577515186, 45.04000000000144
5.261834351024776, 45.060000000001445
5.256557733691805, 45.08000000000145
5.247827974497124, 45.10000000000145
5.2356866188570885, 45.120000000001454
5.220174712347126, 45.14000000000146
5.201332806715426, 45.16000000000146
5.179200965824268, 45.18000000000146
5.153818771519861, 45.20000000000147
5.125225329431592, 45.22000000000147
5.093459274701475, 45.24000000000147
5.05855877764465, 45.260000000001476
5.020561549341854, 45.28000000000148
4.979504847164515, 45.30000000000148
4.938931704549548, 45.320000000001485
4.902363331109339, 45.34000000000149
4.869751544692852, 45.36000000000149
4.84104874283779, 45.380000000001495
4.816207895796292, 45.4000000000015
4.795182539644445, 45.4200000000015
4.777926769474796, 45.440000000001504
4.764395232670688, 45.46000000000151
4.754543122261555, 45.48000000000151
4.748326170358136, 45.50000000000151
4.745700641666702, 45.52000000000152
4.746623327081269, 45.54000000000152
4.751051537352973, 45.56000000000152
4.758943096835519, 45.580000000001526
4.770256337305964, 45.60000000000153
4.784950091859801, 45.62000000000153
4.8029836888795, 45.640000000001535
4.824316946075621, 45.66000000000154
4.848910164599581, 45.68000000000154
4.876724123227325, 45.700000000001545
4.907720072612912, 45.72000000000155
4.941859729611262, 45.74000000000155
4.97910527166921, 45.760000000001554
5.01941933128402, 45.78000000000156
5.059258766212487, 45.80000000000156
5.095102259345007, 45.82000000000156
5.126997886628731, 45.84000000000157
5.154993145599804, 45.86000000000157
5.179134962342354, 45.88000000000157
5.199469698363717, 45.900000000001576
5.216043157386995, 45.92000000000158
5.228900592061848, 45.94000000000158
5.2380867105945725, 45.960000000001585
5.243645683298419, 45.98000000000159
5.245621149065052, 46.00000000000159
5.244056221758223, 46.020000000001595
5.238993496530455, 46.0400000000016
5.230475056063772, 46.0600000000016
5.218542476735318, 46.080000000001604
5.203236834708826, 46.10000000000161
5.184598711952784, 46.12000000000161
5.16266820218617, 46.14000000000161
5.137484916752679, 46.16000000000162
5.109087990424305, 46.18000000000162
5.077516087135035, 46.20000000000162
5.0428074056456, 46.220000000001626
5.004999685140067, 46.24000000000163
4.964130210755105, 46.26000000000163
4.923742043358796, 46.280000000001635
4.887356419664685, 46.30000000000164
4.854925184296818, 46.32000000000164
4.826400761245856, 46.340000000001645
4.80173614689862, 46.36000000000165
4.78088490315148, 46.38000000000165
4.763801150606581, 46.400000000001654
4.750439561849976, 46.42000000000166
4.740755354810571, 46.44000000000166
4.734704286199031, 46.46000000000166
4.732242645025562, 46.48000000000167
4.733327246195728, 46.50000000000167
4.737915424183313, 46.52000000000167
4.745965026779272, 46.540000000001676
4.75743440891593, 46.56000000000168
4.772282426565455, 46.58000000000168
4.790468430711757, 46.600000000001685
4.81195226139491, 46.62000000000169
4.836694241827208, 46.64000000000169
4.864655172580062, 46.660000000001695
4.895796325840745, 46.6800000000017
4.930079439738341, 46.7000000000017
4.967466712737879, 46.720000000001704
5.0079207981019715, 46.74000000000171
5.047898574102904, 46.76000000000171
5.083878743899742, 46.78000000000171
5.115909403464447, 46.80000000000172
5.1440380701170625, 46.82000000000172
5.168311689487574, 46.84000000000172
5.1887766423940445, 46.860000000001726
5.205478751637941, 46.88000000000173
5.218463288717776, 46.90000000000173
5.227774980461918, 46.920000000001735
5.233458015581627, 46.94000000000174
5.23555605114526, 46.96000000000174
5.234112218974528, 46.980000000001745
5.229169131963895, 47.00000000000175
5.220768890323863, 47.02000000000175
5.208953087749162, 47.040000000001754
5.193762817512762, 47.06000000000176
5.175238678486522, 47.08000000000176
5.153420781089453, 47.100000000001764
5.1283487531643575, 47.12000000000177
5.100061745783817, 47.14000000000177
5.0685984389863, 47.16000000000177
5.033997047443254, 47.180000000001776
4.996295326058065, 47.20000000000178
4.959036799813675, 47.22000000000178
4.925743163954614, 47.240000000001785
4.896366716119256, 47.26000000000179
4.8708603278622835, 47.28000000000179
4.849177437749812, 47.300000000001795
4.8312720445375525, 47.3200000000018
4.817098700431073, 47.3400000000018
4.8066125044271155, 47.360000000001804
4.799769095735075, 47.38000000000181
4.796524647277576, 47.40000000000181
4.7968358592692635, 47.420000000001814
4.800659952872869, 47.44000000000182
4.807954663931582, 47.46000000000182
4.818678236776803, 47.48000000000182
4.832789418110442, 47.500000000001826
4.8502474509608255, 47.52000000000183
4.871012068711245, 47.54000000000183
4.895043489200456, 47.560000000001835
4.922302408894061, 47.58000000000184
4.952749997126078, 47.60000000000184
4.986347890409758, 47.620000000001845
5.02305818681687, 47.64000000000185
5.0593372161084815, 47.66000000000185
5.091663139531685, 47.680000000001854
5.120083517666323, 47.70000000000186
5.1446453388817055, 47.72000000000186
5.165395026221009, 47.740000000001864
5.182378444202814, 47.76000000000187
5.195640905540827, 47.78000000000187
5.205227177782743, 47.80000000000187
5.211181489869246, 47.820000000001876
5.213547538614114, 47.84000000000188
5.212368495106296, 47.86000000000188
5.207687011035064, 47.880000000001885
5.199545224938964, 47.90000000000189
5.1879847683796525, 47.92000000000189
5.173046772041436, 47.940000000001895
5.154771871757421, 47.9600000000019
5.133200214463149, 47.9800000000019
5.108371464078637, 48.000000000001904
5.080324807319621, 48.02000000000191
5.049098959438903, 48.04000000000191
5.0147321698986, 48.060000000001914
4.977262227974153, 48.08000000000192
4.9402326926070765, 48.10000000000192
4.907165292591871, 48.12000000000192
4.8780123587132636, 48.140000000001926
4.852726795273483, 48.16000000000193
4.831262073192198, 48.18000000000193
4.813572223189417, 48.200000000001936
4.799611829050454, 48.22000000000194
4.789336020971851, 48.24000000000194
4.782700468987417, 48.260000000001945
4.779661376473349, 48.28000000000195
4.780175473731471, 48.30000000000195
4.7842000116497125, 48.320000000001954
4.791692755438808, 48.34000000000196
4.802611978444408, 48.36000000000196
4.816916456033581, 48.380000000001964
4.83456545955493, 48.40000000000197
4.855518750371301, 48.42000000000197
4.879736573964387, 48.44000000000197
4.907179654110141, 48.460000000001976
4.937809187124357, 48.48000000000198
4.971586836177431, 48.50000000000198
5.008474725677574, 48.520000000001986
5.044929211405439, 48.54000000000199
5.07742848031464, 48.56000000000199
5.106020118382264, 48.580000000001995
5.130751139069318, 48.600000000002
5.151667990208796, 48.620000000002
5.16881656081081, 48.640000000002004
5.182242187785981, 48.66000000000201
5.191989662587771, 48.68000000000201
5.198103237775043, 48.700000000002014
5.200626633495561, 48.72000000000202
5.199603043891566, 48.74000000000202
5.195075143428221, 48.76000000000202
5.187085093145972, 48.780000000002026
5.175674546837639, 48.80000000000203
5.160884657151239, 48.82000000000203
5.142756081619316, 48.840000000002036
5.121328988615798, 48.86000000000204
5.096643063241157, 48.88000000000204
5.068737513136741, 48.900000000002045
5.037651074229216, 48.92000000000205
5.003422016405832, 48.94000000000205
4.966088149121434, 48.960000000002054
4.929193051254141, 48.98000000000206
4.896258471295223, 49.00000000000206
4.867236759489151, 49.020000000002064
4.842080839363821, 49.04000000000207
4.82074420083324, 49.06000000000207
4.803180893383245, 49.08000000000207
4.789345519339184, 49.100000000002076
4.779193227214589, 49.12000000000208
4.772679705139872, 49.14000000000208
4.76976117437013, 49.160000000002086
4.7703943828709505, 49.18000000000209
4.774536598981537, 49.20000000000209
4.7821456051539215, 49.220000000002095
4.79317969176763, 49.2400000000021
4.807597651018674, 49.2600000000021
4.825358770882111, 49.280000000002104
4.846422829147225, 49.30000000000211
4.8707500875244945, 49.32000000000211
4.89830128582342, 49.340000000002114
4.929037636200426, 49.36000000000212
4.962920817475975, 49.38000000000212
4.999912969520052, 49.40000000000212
5.039976687705171, 49.420000000002126
5.0795687931100195, 49.44000000000213
5.115167932388168, 49.46000000000213
5.146822145685916, 49.480000000002136
5.174578895169276, 49.50000000000214
5.198485071977809, 49.52000000000214
5.218587003094688, 49.540000000002145
5.234930458134227, 49.56000000000215
5.247560656047664, 49.58000000000215
5.256522271748329, 49.600000000002154
5.261859442657022, 49.62000000000216
5.263615775168724, 49.64000000000216
5.26183435104144, 49.660000000002164
5.256557733708261, 49.68000000000217
5.247827974513384, 49.70000000000217
5.235686618873154, 49.72000000000217
5.220174712362999, 49.740000000002176
5.20133280673111, 49.76000000000218
5.179200965839758, 49.78000000000218
5.153818771535167, 49.800000000002186
5.125225329446715, 49.82000000000219
5.093459274716415, 49.84000000000219
5.058558777659409, 49.860000000002195
5.020561549356436, 49.8800000000022
4.979504847178924, 49.9000000000022
4.938931704563784, 49.920000000002204
4.902363331123403, 49.94000000000221
4.869751544706748, 49.96000000000221
4.841048742851521, 49.980000000002214
