0.0, 0.0
0.1749565106204888, 0.02
0.347808085687025, 0.04
0.518580050085608, 0.06
0.6872974240136445, 0.08
0.8539849266457167, 0.1
1.0186669797552452, 0.12000000000000001
1.1813677112925793, 0.14
1.3421109589200417, 0.16
1.5009202735044367, 0.18
1.6578189225675402, 0.19999999999999998
1.8128298936950884, 0.21999999999999997
1.9659758979047357, 0.23999999999999996
2.117279372973492, 0.25999999999999995
2.2667624867251437, 0.27999999999999997
2.4144471402781154, 0.3
2.5603549712542386, 0.32
2.7045073569489495, 0.34
2.8469254174633027, 0.36000000000000004
2.987630018798355, 0.38000000000000006
3.1266417759122667, 0.4000000000000001
3.263981055740657, 0.4200000000000001
3.3996679801806153, 0.4400000000000001
3.5337224290388014, 0.46000000000000013
3.666164042944083, 0.48000000000000015
3.7970122262251285, 0.5000000000000001
3.926286149753382, 0.5200000000000001
4.0540047537518324, 0.5400000000000001
4.18018675057, 0.5600000000000002
4.304850627425504, 0.5800000000000002
4.428014649112685, 0.6000000000000002
4.549696860678604, 0.6200000000000002
4.669915090066891, 0.6400000000000002
4.788686950729748, 0.6600000000000003
4.906029844208512, 0.6800000000000003
5.0219609626832495, 0.7000000000000003
5.136497291491568, 0.7200000000000003
5.249655611617187, 0.7400000000000003
5.361452502148604, 0.7600000000000003
5.471904342708085, 0.7800000000000004
5.5810273158514985, 0.8000000000000004
5.688837409439253, 0.8200000000000004
5.795350418978736, 0.8400000000000004
5.900581949938518, 0.8600000000000004
6.004547420034783, 0.8800000000000004
6.107262061490183, 0.9000000000000005
6.208740923265573, 0.9200000000000005
6.308998873264842, 0.9400000000000005
6.4080506005132545, 0.9600000000000005
6.505910617309591, 0.9800000000000005
6.602593261352355, 1.0000000000000004
6.69811269784043, 1.0200000000000005
6.792482921548455, 1.0400000000000005
6.885717758877249, 1.0600000000000005
6.977830869879511, 1.0800000000000005
7.0688357502612345, 1.1000000000000005
7.158745733358945, 1.1200000000000006
7.247573992093231, 1.1400000000000006
7.335333540898728, 1.1600000000000006
7.422037237630904, 1.1800000000000006
7.507697785449874, 1.2000000000000006
7.242414713440634, 1.2200000000000006
6.9803233132826, 1.2400000000000007
6.721385185355607, 1.2600000000000007
6.465562392032702, 1.2800000000000007
6.212817452121873, 1.3000000000000007
5.963113335374532, 1.3200000000000007
5.716413457060194, 1.3400000000000007
5.472681672606319, 1.3600000000000008
5.23188227230268, 1.3800000000000008
4.993979976069483, 1.4000000000000008
4.758939928288391, 1.4200000000000008
4.526727692695723, 1.4400000000000008
4.297309247337141, 1.4600000000000009
4.070650979583018, 1.4800000000000009
3.8467196812037434, 1.5000000000000009
3.625482543504342, 1.520000000000001
3.406907152517574, 1.540000000000001
3.190961484254904, 1.560000000000001
2.9776139000145747, 1.580000000000001
2.7668331417461656, 1.600000000000001
2.5585883274708965, 1.620000000000001
2.3528489467570313, 1.640000000000001
2.1495848562497235, 1.660000000000001
1.9487662752546548, 1.680000000000001
1.7503637813747872, 1.700000000000001
1.5543483061996204, 1.720000000000001
1.3606911310463188, 1.740000000000001
1.1693638827520527, 1.7600000000000011
0.9803385295170003, 1.7800000000000011
0.7935873767973318, 1.8000000000000012
0.6090830632476217, 1.8200000000000012
0.4267985567120722, 1.8400000000000012
0.2467071502639704, 1.8600000000000012
0.06878245829279488, 1.8800000000000012
-0.10700158736160191, 1.9000000000000012
-0.2806707412283008, 1.9200000000000013
-0.4522504479786711, 1.9400000000000013
-0.6217658461543295, 1.9600000000000013
-0.7892417718502444, 1.9800000000000013
-0.9547027623535325, 2.0000000000000013
-1.1181730597384738, 2.0200000000000014
-1.2796766144182656, 2.0400000000000014
-1.4392370886540702, 2.0600000000000014
-1.5968778600218096, 2.0800000000000014
-1.7526220248372837, 2.1000000000000014
-1.9064924015400557, 2.1200000000000014
-2.0585115340366333, 2.1400000000000015
-2.2087016950034437, 2.1600000000000015
-2.357084889150028, 2.1800000000000015
-2.5036828564430325, 2.2000000000000015
-2.6485170752913643, 2.2200000000000015
-2.791608765693049, 2.2400000000000015
-2.9329788923442157, 2.2600000000000016
-3.0726481677106827, 2.2800000000000016
-3.2106370550626053, 2.3000000000000016
-3.3469657714725756, 2.3200000000000016
-3.4816542907776813, 2.3400000000000016
-3.614722346505937, 2.3600000000000017
-3.7461894347674494, 2.3800000000000017
-3.8760748171108776, 2.4000000000000017
-4.004397523345456, 2.4200000000000017
-4.131176354329133, 2.4400000000000017
-4.256429884723074, 2.4600000000000017
-4.380176465713143, 2.4800000000000018
-4.502434227698519, 2.5000000000000018
-4.623221082948054, 2.520000000000002
-4.742554728224649, 2.540000000000002
-4.860452647378021, 2.560000000000002
-4.9769321139063285, 2.580000000000002
-5.092010193486927, 2.600000000000002
-5.205703746476707, 2.620000000000002
-5.318029430382366, 2.640000000000002
-5.429003702300918, 2.660000000000002
-5.5386428213308605, 2.680000000000002
-5.64696285095435, 2.700000000000002
-5.404066640149696, 2.720000000000002
-5.164092760547407, 2.740000000000002
-4.927006053016647, 2.760000000000002
-4.692771781432863, 2.780000000000002
-4.461355627588524, 2.800000000000002
-4.232723686165077, 2.820000000000002
-4.006842459765403, 2.840000000000002
-3.783678854006042, 2.860000000000002
-3.563200172668445, 2.880000000000002
-3.3453741129085732, 2.900000000000002
-3.1301687605241515, 2.920000000000002
-2.917552585278827, 2.940000000000002
-2.7074944362826083, 2.960000000000002
-2.49996353742788, 2.980000000000002
-2.2949294828803093, 3.000000000000002
-2.092362232624033, 3.0200000000000022
-1.89223210806041, 3.0400000000000023
-1.694509787659758, 3.0600000000000023
-1.4991663026653754, 3.0800000000000023
-1.3061730328492673, 3.1000000000000023
-1.1155017023189198, 3.1200000000000023
-0.9271243753745435, 3.1400000000000023
-0.7410134524161501, 3.1600000000000024
-0.5571416658998627, 3.1800000000000024
-0.3754820763428896, 3.2000000000000024
-0.19600806837655782, 3.2200000000000024
-0.018693346846831504, 3.2400000000000024
0.1564880670382498, 3.2600000000000025
0.32956183951478574, 3.2800000000000025
0.500553328023434, 3.3000000000000025
0.6694875849245896, 3.3200000000000025
0.8363893611688629, 3.3400000000000025
1.0012831099233985, 3.3600000000000025
1.1641929901545691, 3.3800000000000026
1.3251428701675556, 3.4000000000000026
1.4841563311033559, 3.4200000000000026
1.641256670393703, 3.4400000000000026
1.7964669051744344, 3.4600000000000026
1.949809775657785, 3.4800000000000026
2.101307748464102, 3.5000000000000027
2.2509830199134893, 3.5200000000000027
2.398857519277837, 3.5400000000000027
2.544952911993732, 3.5600000000000027
2.689290602836712, 3.5800000000000027
2.831891739057324, 3.6000000000000028
2.972777213479471, 3.6200000000000028
3.1119676675614487, 3.640000000000003
3.2494834944201902, 3.660000000000003
3.3853448418190935, 3.680000000000003
3.5195716151199368, 3.700000000000003
3.652183480199234, 3.720000000000003
3.783199866329556, 3.740000000000003
3.912639969026138, 3.760000000000003
4.040522752859265, 3.780000000000003
4.166866954232821, 3.800000000000003
4.291691084129387, 3.820000000000003
4.415013430822362, 3.840000000000003
4.536852062555362, 3.860000000000003
4.307311808948538, 3.880000000000003
4.080533198444704, 3.900000000000003
3.8564830051825827, 3.920000000000003
3.635128403047619, 3.940000000000003
3.416436960862591, 3.960000000000003
3.200376637636027, 3.980000000000003
2.9869157778678126, 4.000000000000003
2.7760231069112624, 4.020000000000002
2.5676677263910044, 4.040000000000002
2.361819109675986, 4.060000000000001
2.1584470974069476, 4.080000000000001
1.9575218930776976, 4.1000000000000005
1.7590140586695628, 4.12
1.5628945103383627, 4.14
1.3691345141532545, 4.159999999999999
1.1777056818868683, 4.179999999999999
0.9885799668560744, 4.199999999999998
0.8017296598128023, 4.219999999999998
0.6171273848842963, 4.2399999999999975
0.4347460955622103, 4.259999999999997
0.2545590707399614, 4.279999999999997
0.07653991079775653, 4.299999999999996
-0.09933746626527368, 4.319999999999996
-0.27309882865241164, 4.339999999999995
-0.44476963454471125, 4.359999999999995
-0.6143750358309356, 4.379999999999995
-0.7819398817926186, 4.399999999999994
-0.9474887227447926, 4.419999999999994
-1.1110458136329073, 4.439999999999993
-1.272635117586482, 4.459999999999993
-1.4322803094300038, 4.479999999999992
-1.590004779151569, 4.499999999999992
-1.7458316353298133, 4.519999999999992
-1.8997837085196065, 4.539999999999991
-2.0518835545970004, 4.559999999999991
-2.202153458063956, 4.57999999999999
-2.3506154353132716, 4.59999999999999
-2.497291237854289, 4.6199999999999894
-2.642202355499741, 4.639999999999989
-2.7853700195142705, 4.659999999999989
-2.926815205725079, 4.679999999999988
-3.0665586375951386, 4.699999999999988
-3.2046207892594407, 4.719999999999987
-3.3410218885247054, 4.739999999999987
-3.475781919833008, 4.7599999999999865
-3.6089206271897347, 4.779999999999986
-3.740457517056343, 4.799999999999986
-3.8704118612082725, 4.819999999999985
-3.648889678317553, 4.839999999999985
-3.430032671573193, 4.859999999999984
-3.213808775726469, 4.879999999999984
-3.000186311311863, 4.8999999999999835
-2.7891339800056194, 4.919999999999983
-2.5806208600401557, 4.939999999999983
-2.3746164016736477, 4.959999999999982
-2.171090422714119, 4.979999999999982
-1.970013104097353, 4.999999999999981
-1.771354985518061, 5.019999999999981
-1.5750869611135787, 5.0399999999999805
-1.3811802751994886, 5.05999999999998
-1.1896065180565674, 5.07999999999998
-1.000337621768405, 5.099999999999979
-0.8133458561091139, 5.119999999999979
-0.6286038244805057, 5.139999999999978
-0.4460844598981559, 5.159999999999978
-0.26576102102575316, 5.1799999999999775
-0.08760708825716663, 5.199999999999977
0.08840344015435357, 5.219999999999977
0.2622963519204033, 5.239999999999976
0.4340971244956418, 5.259999999999976
0.6038309288105536, 5.279999999999975
0.7715226329592978, 5.299999999999975
0.9371968058431949, 5.3199999999999745
1.1008777207703666, 5.339999999999974
1.2625893590120834, 5.359999999999974
1.4223554133163065, 5.379999999999973
1.5801992913789782, 5.399999999999973
1.7361441192735265, 5.419999999999972
1.8902127448391317, 5.439999999999972
2.042427741028205, 5.4599999999999715
2.192811409213611, 5.479999999999971
2.341385782456092, 5.499999999999971
2.488172628732389, 5.51999999999997
2.6331934541244983, 5.53999999999997
2.7764695059706077, 5.559999999999969
2.91802177597807, 5.579999999999969
3.057871003298956, 5.599999999999969
3.1960376775685893, 5.619999999999968
3.3325420419075416, 5.639999999999968
3.467404095887494, 5.659999999999967
3.25073057722044, 5.679999999999967
3.0366638994844504, 5.699999999999966
2.825172699273047, 5.719999999999966
2.6162259905189456, 5.739999999999966
2.4097931599542175, 5.759999999999965
2.205843962625071, 5.779999999999965
2.004348517460597, 5.799999999999964
1.8052773028948141, 5.819999999999964
1.6086011525414001, 5.839999999999963
1.4142912509204562, 5.859999999999963
1.2223191292366893, 5.879999999999963
1.0326566612083765, 5.899999999999962
0.8452760589465174, 5.919999999999962
0.6601498688835701, 5.939999999999961
0.4772509677511647, 5.959999999999961
0.29655255860620894, 5.9799999999999605
0.11802816690480473, 5.99999999999996
-0.058348363376596706, 6.01999999999996
-0.23260287357337586, 6.039999999999959
-0.40476089411881844, 6.059999999999959
-0.574847648284639, 6.079999999999958
-0.742888055876501, 6.099999999999958
-0.9089067368850748, 6.1199999999999575
-1.072928015093171, 6.139999999999957
-1.234975921639472, 6.159999999999957
-1.3950741985393926, 6.179999999999956
-1.5532463021635783, 6.199999999999956
-1.7095154066745475, 6.219999999999955
-1.863904407421999, 6.239999999999955
-2.016435924297258, 6.2599999999999545
-2.1671323050473714, 6.279999999999954
-2.3160156285493256, 6.299999999999954
-2.4631077080448778, 6.319999999999953
-2.6084300943364642, 6.339999999999953
-2.7520040789446525, 6.359999999999952
-2.8938506972276183, 6.379999999999952
-3.0339907314630827, 6.3999999999999515
-3.172444713893169, 6.419999999999951
-2.9593199084916537, 6.439999999999951
-2.7487592487668446, 6.45999999999995
-2.5407318849871023, 6.47999999999995
-2.3352073385798717, 6.499999999999949
-2.132155497666187, 6.519999999999949
-1.9315466126489078, 6.5399999999999485
-1.7333512918540397, 6.559999999999948
-1.5375404972244946, 6.579999999999948
-1.3440855400656528, 6.599999999999947
-1.1529580768421204, 6.619999999999947
-0.9641301050250464, 6.639999999999946
-0.7775739589894148, 6.659999999999946
-0.593262305960681, 6.6799999999999455
-0.41116814201018664, 6.699999999999945
-0.23126478809875423, 6.719999999999945
-0.05352588616787681, 6.739999999999944
0.12207460472206297, 6.759999999999944
0.29556241220711044, 6.779999999999943
0.46696295438915525, 6.799999999999943
0.6363013435599967, 6.8199999999999426
0.8036023898806025, 6.839999999999942
0.9688906050161057, 6.859999999999942
1.1321902057270643, 6.879999999999941
1.2935251174175126, 6.899999999999941
1.4529189776403306, 6.91999999999994
1.6103951395604403, 6.93999999999994
1.7659766753763284, 6.95999999999994
1.919686379700401, 6.979999999999939
2.0715467728986874, 6.999999999999939
2.221580104390343, 7.019999999999938
2.3698083559074683, 7.039999999999938
2.516253244715698, 7.059999999999937
2.66093622679606, 7.079999999999937
2.8038784999885205, 7.099999999999937
2.945101007097754, 7.119999999999936
2.7347114177205194, 7.139999999999936
2.526853066107979, 7.159999999999935
2.321495498449939, 7.179999999999935
2.118608627331876, 7.1999999999999345
1.918162727326759, 7.219999999999934
1.7201284306399092, 7.239999999999934
1.5244767228062537, 7.259999999999933
1.3311789384393495, 7.279999999999933
1.1402067570315524, 7.299999999999932
0.9515321988047151, 7.319999999999932
0.7651276206107972, 7.3399999999999315
0.5809657118818138, 7.359999999999931
0.39901949062849246, 7.379999999999931
0.2192622994870834, 7.39999999999993
0.04166780181372693, 7.41999999999993
-0.13379002217419075, 7.439999999999929
-0.30713687921025545, 7.459999999999929
-0.47839816674537944, 7.4799999999999285
-0.6475989766688397, 7.499999999999928
-0.8147640989845492, 7.519999999999928
-0.9799180254430976, 7.539999999999927
-1.1430849531300966, 7.559999999999927
-1.3042887880113485, 7.579999999999926
-1.4635531484353703, 7.599999999999926
-1.6209013685937608, 7.6199999999999255
-1.7763565019399605, 7.639999999999925
-1.9299413245668604, 7.659999999999925
-2.0816783385437794, 7.679999999999924
-2.2315897752133003, 7.699999999999924
-2.379697598448425, 7.719999999999923
-2.526023507870567, 7.739999999999923
-2.6705889420288, 7.7599999999999225
-2.813415081540875, 7.779999999999922
-2.6046098309554706, 7.799999999999922
-2.3983167566489056, 7.819999999999921
-2.194505634143403, 7.839999999999921
-1.9931466025977098, 7.85999999999992
-1.7942101604321272, 7.87999999999992
-1.5976671610061515, 7.8999999999999195
-1.403488808348134, 7.919999999999919
-1.2116466529363241, 7.939999999999919
-1.022112587530659, 7.959999999999918
-0.834858843054708, 7.979999999999918
-0.649857984527159, 7.999999999999917
-0.4670829070422537, 8.019999999999918
-0.28650683179859143, 8.039999999999917
-0.10810330217569879, 8.059999999999917
0.06815382014219006, 8.079999999999917
0.24229035899571713, 8.099999999999916
0.41433182753391185, 8.119999999999916
0.5843034319521844, 8.139999999999915
0.752230075185339, 8.159999999999915
0.9181363605561671, 8.179999999999914
1.0820465953801321, 8.199999999999914
1.2439847945266946, 8.219999999999914
1.4039746839377822, 8.239999999999913
1.562039704103935, 8.259999999999913
1.7182030134986277, 8.279999999999912
1.8724874919712715, 8.299999999999912
2.024915744099389, 8.319999999999911
2.175510102500469, 8.339999999999911
2.324292631103965, 8.35999999999991
2.471285128383943, 8.37999999999991
2.6165091305528123, 8.39999999999991
2.410072893475682, 8.41999999999991
2.2061203306185413, 8.439999999999909
2.0046215604173865, 8.459999999999908
1.8055470608190798, 8.479999999999908
1.6088676649560019, 8.499999999999908
1.4145545568727496, 8.519999999999907
1.2225792673042406, 8.539999999999907
1.0329136695046164, 8.559999999999906
0.8455299751263294, 8.579999999999906
0.6604007301488058, 8.599999999999905
0.47749881085609086, 8.619999999999905
0.29679741986289415, 8.639999999999905
0.11827008218844147, 8.659999999999904
-0.05810935862243817, 8.679999999999904
-0.23236674433155358, 8.699999999999903
-0.4045276057934886, 8.719999999999903
-0.5746171666961867, 8.739999999999903
-0.7426603472565328, 8.759999999999902
-0.9086817678714714, 8.779999999999902
-1.072705752725199, 8.799999999999901
-1.234756333352955, 8.8199999999999
-1.3948572521619416, 8.8399999999999
-1.5530319659098732, 8.8599999999999
-1.7093036491416878, 8.8799999999999
-1.863695197584897, 8.899999999999899
-2.0162292315040955, 8.919999999999899
-2.166928099015107, 8.939999999999898
-2.315813879359257, 8.959999999999898
-2.462908386138265, 8.979999999999897
-2.258320149269211, 8.999999999999897
-2.0561933529728944, 9.019999999999897
-1.8564983831826178, 9.039999999999896
-1.659205982124228, 9.059999999999896
-1.4642872440295083, 9.079999999999895
-1.271713610901114, 9.099999999999895
-1.0814568683284822, 9.119999999999894
-0.893489141354069, 9.139999999999894
-0.7077828903893268, 9.159999999999894
-0.5243109071798152, 9.179999999999893
-0.3430463108188542, 9.199999999999893
-0.16396254380914063, 9.219999999999892
0.01296663182825068, 9.239999999999892
0.18776713839805567, 9.259999999999891
0.3604645863287577, 9.279999999999891
0.5310842779248311, 9.29999999999989
0.6996512110738413, 9.31999999999989
0.8661900829089415, 9.33999999999989
1.0307252934273097, 9.35999999999989
1.1932809490650451, 9.379999999999889
1.353880866229063, 9.399999999999888
1.5125485747864864, 9.419999999999888
1.669307321512068, 9.439999999999888
1.8241800734941254, 9.459999999999887
1.9771895214995017, 9.479999999999887
2.128358083298044, 9.499999999999886
2.277707906947079, 9.519999999999886
2.4252608740363892, 9.539999999999885
2.2211255816531366, 9.559999999999885
2.019446280380079, 9.579999999999885
1.820193421714049, 9.599999999999884
1.6233378126556215, 9.619999999999884
1.42885061143199, 9.639999999999883
1.2367033232712807, 9.659999999999883
1.0468677962277255, 9.679999999999882
0.8593162170570442, 9.699999999999882
0.6740211071414716, 9.719999999999882
0.49095531846379664, 9.739999999999881
0.31009202962984483, 9.75999999999988
0.13140474193881296, 9.77999999999988
-0.04513272449911875, 9.79999999999988
-0.2195462345984607, 9.81999999999988
-0.391861342087944, 9.839999999999879
-0.5621032932544565, 9.859999999999879
-0.7302970306419346, 9.879999999999878
-0.896467196705754, 9.899999999999878
-1.0606381374231526, 9.919999999999877
-1.222833905860215, 9.939999999999877
-1.3830782656959462, 9.959999999999877
-1.5413946947039396, 9.979999999999876
-1.6978063881921632, 9.999999999999876
-1.8523362624013568, 10.019999999999875
-2.0050069578625456, 10.039999999999875
-2.1558408427141575, 10.059999999999874
-2.304860015979221, 10.079999999999874
-2.1021732895621787, 10.099999999999874
-1.9019251262785453, 10.119999999999873
-1.7040861873045132, 10.139999999999873
-1.508627486797317, 10.159999999999872
-1.3155203876484702, 10.179999999999872
-1.124736597288061, 10.199999999999871
-0.9362481635395516, 10.219999999999871
-0.7500274705244327, 10.23999999999987
-0.5660472346161626, 10.25999999999987
-0.38428050044277845, 10.27999999999987
-0.20470063693759874, 10.29999999999987
-0.027281333437447788, 10.319999999999869
0.14800340417218283, 10.339999999999868
0.32117925726559177, 10.359999999999868
0.4922715982395055, 10.379999999999868
0.6613054942304478, 10.399999999999867
0.8283057107873827, 10.419999999999867
0.993296715500176, 10.439999999999866
1.156302681584395, 10.459999999999866
1.3173474914229855, 10.479999999999865
1.4764547400653278, 10.499999999999865
1.6336477386842152, 10.519999999999865
1.7889495179912185, 10.539999999999864
1.942382831610972, 10.559999999999864
2.0939701594148605, 10.579999999999863
2.243733710814591, 10.599999999999863
2.0417824067751815, 10.619999999999862
1.8422608178605853, 10.639999999999862
1.6451397116990927, 10.659999999999862
1.4503902076192947, 10.679999999999861
1.257983772418721, 10.69999999999986
1.0678922161833624, 10.71999999999986
0.8800876881575106, 10.73999999999986
0.6945426726632755, 10.75999999999986
0.5112299850691989, 10.779999999999859
0.3301227678073722, 10.799999999999859
0.15119448643846978, 10.819999999999858
-0.02558107423587094, 10.839999999999858
-0.20022981401390064, 10.859999999999857
-0.37277732108839723, 10.879999999999857
-0.5432488757956521, 10.899999999999856
-0.7116694543193496, 10.919999999999856
-0.8780637323498879, 10.939999999999856
-1.0424560886996694, 10.959999999999855
-1.2048706088748986, 10.979999999999855
-1.365331088604404, 10.999999999999854
-1.52386103732601, 11.019999999999854
-1.680483681630952, 11.039999999999853
-1.8352219686668674, 11.059999999999853
-1.9880985694998246, 11.079999999999853
-2.1391358824359266, 11.099999999999852
-2.288356036302922, 11.119999999999852
-2.085867872451395, 11.139999999999851
-1.8858158827887188, 11.159999999999851
-1.6881707572329392, 11.17999999999985
-1.4929035383373488, 11.19999999999985
-1.2999856170478712, 11.21999999999985
-1.1093887285114863, 11.23999999999985
-0.9210849479350751, 11.259999999999849
-0.7350466864940934, 11.279999999999848
-0.5512466872904752, 11.299999999999848
-0.36965802135915454, 11.319999999999848
-0.19025408372264324, 11.339999999999847
-0.013008589493072573, 11.359999999999847
0.16210442997886526, 11.379999999999846
0.3351106309086454, 11.399999999999846
0.5060353608368614, 11.419999999999845
0.6749036623429525, 11.439999999999845
0.841740276714253, 11.459999999999845
1.0065696475708876, 11.479999999999844
1.1694159244470737, 11.499999999999844
1.3303029663293218, 11.519999999999843
1.4892543451520615, 11.539999999999843
1.6462933492512368, 11.559999999999842
1.8014429867763222, 11.579999999999842
1.9547259890613056, 11.599999999999842
2.1061648139551097, 11.619999999999841
2.255781649111937, 11.63999999999984
2.0536853940010644, 11.65999999999984
1.8540205979493294, 11.67999999999984
1.656758007603409, 11.69999999999984
1.4618687215627209, 11.719999999999839
1.2693241861450113, 11.739999999999839
1.079096191202888, 11.759999999999838
0.8911568659906932, 11.779999999999838
0.7054786750810862, 11.799999999999837
0.522034414330768, 11.819999999999837
0.3407972068947421, 11.839999999999836
0.16174049928852074, 11.859999999999836
-0.01516194250228577, 11.879999999999836
-0.18993603686557514, 11.899999999999835
-0.3626073903601168, 11.919999999999835
-0.5332013014672294, 11.939999999999834
-0.7017427642973183, 11.959999999999834
-0.8682564722518198, 11.979999999999833
-1.0327668216410937, 11.999999999999833
-1.1952979152587802, 12.019999999999833
-1.3558735659131538, 12.039999999999832
-1.5145172999159942, 12.059999999999832
-1.6712523605294887, 12.079999999999831
-1.8261017113716451, 12.099999999999831
-1.9790880397807518, 12.11999999999983
-2.1302337601393515, 12.13999999999983
-1.9296479959172426, 12.15999999999983
-1.731475517746793, 12.17999999999983
-1.5356872909176438, 12.199999999999829
-1.3422546300416345, 12.219999999999828
-1.1511491948500512, 12.239999999999828
-0.9623429860414239, 12.259999999999827
-0.7758083411792803, 12.279999999999827
-0.5915179306392644, 12.299999999999827
-0.4094447536050075, 12.319999999999826
-0.22956213411217127, 12.339999999999826
-0.051843717140097244, 12.359999999999825
0.12373653524953304, 12.379999999999825
0.29720434772757526, 12.399999999999824
0.46858513546640485, 12.419999999999824
0.6379040078635503, 12.439999999999824
0.8051857722205312, 12.459999999999823
0.9704549373774373, 12.479999999999823
1.1337357173037668, 12.499999999999822
1.295052034646081, 12.519999999999822
1.4544275242329576, 12.539999999999822
1.611885536537794, 12.559999999999821
1.7674491410999298, 12.57999999999982
1.921141129904627, 12.59999999999982
2.0729840207223718, 12.61999999999982
1.873087039167027, 12.63999999999982
1.6755950567861144, 12.659999999999819
1.4804791385702896, 12.679999999999819
1.2877106976328923, 12.699999999999818
1.0972614910216172, 12.719999999999818
0.9091036155805631, 12.739999999999817
0.7232095038620886, 12.759999999999817
0.5395519200878388, 12.779999999999816
0.358103956158363, 12.799999999999816
0.17883902771074967, 12.819999999999816
0.0017308702236904336, 12.839999999999815
-0.17324646483059739, 12.859999999999815
-0.3461186137881494, 12.879999999999814
-0.5169109045492937, 12.899999999999814
-0.6856483602894993, 12.919999999999813
-0.8523557031255824, 12.939999999999813
-1.017057357737796, 12.959999999999813
-1.1797774549483544, 12.979999999999812
-1.3405398352568865, 12.999999999999812
-1.4993680523333703, 13.019999999999811
-1.656285376469035, 13.03999999999981
-1.8113147979857414, 13.05999999999981
-1.9644790306043496, 13.07999999999981
-2.11580051477256, 13.09999999999981
-1.915388399711739, 13.11999999999981
-1.7173874814959993, 13.139999999999809
-1.5217687505506237, 13.159999999999808
-1.328503546320691, 13.179999999999808
-1.1375635530719488, 13.199999999999807
-0.9489207957422081, 13.219999999999807
-0.7625476358426567, 13.239999999999807
-0.5784167674084755, 13.259999999999806
-0.3965012129981761, 13.279999999999806
-0.21677431974108102, 13.299999999999805
-0.039209755432343445, 13.319999999999805
0.13621849532504346, 13.339999999999804
0.3095361349318231, 13.359999999999804
0.4807685565581943, 13.379999999999804
0.649940847864222, 13.399999999999803
0.8170777946754902, 13.419999999999803
0.9822038846145311, 13.439999999999802
1.145343310688563, 13.459999999999802
1.3065199748340617, 13.479999999999801
1.4657574914186962, 13.499999999999801
1.6230791907011142, 13.5199999999998
1.7785081222491201, 13.5399999999998
1.9320670583167188, 13.5599999999998
2.0837784971805293, 13.5799999999998
1.8837516451950853, 13.599999999999799
1.686131354880289, 13.619999999999798
1.490888672428101, 13.639999999999798
1.297994992379339, 13.659999999999798
1.1074220534326233, 13.679999999999797
0.9191419343037456, 13.699999999999797
0.7331270496348542, 13.719999999999796
0.5493501459528676, 13.739999999999796
0.36778429767649956, 13.759999999999796
0.18840290317132907, 13.779999999999795
0.011179680852334544, 13.799999999999795
-0.16391133466668276, 13.819999999999794
-0.3368957963773476, 13.839999999999794
-0.5077990486351905, 13.859999999999793
-0.6766461308729085, 13.879999999999793
-0.8434617812689479, 13.899999999999793
-1.0082704403719567, 13.919999999999792
-1.171096254681623, 13.939999999999792
-1.3319630801864353, 13.959999999999791
-1.490894485858882, 13.97999999999979
-1.6479137571085913, 13.99999999999979
-1.8030438991939322, 14.01999999999979
-1.9563076405925701, 14.03999999999979
-2.107727436331469, 14.059999999999789
-1.9074124500358511, 14.079999999999789
-1.709507492010388, 14.099999999999788
-1.5139835667397163, 14.119999999999788
-1.3208120275591115, 14.139999999999787
-1.1299645724574063, 14.159999999999787
-0.9414132399303925, 14.179999999999787
-0.755130404884118, 14.199999999999786
-0.5710887745874651, 14.219999999999786
-0.3892613846734359, 14.239999999999785
-0.20962159518853693, 14.259999999999785
-0.03214308668969696, 14.279999999999784
0.143200143611854, 14.299999999999784
0.31643378566031505, 14.319999999999784
0.48758322031920653, 14.339999999999783
0.656673523089981, 14.359999999999783
0.823729467785891, 14.379999999999782
0.9887755301616611, 14.399999999999782
1.1518358914994848, 14.419999999999781
1.3129344421518812, 14.439999999999781
1.4720947850419266, 14.45999999999978
1.629340239121373, 14.47999999999978
1.7846938427871628, 14.49999999999978
1.9381783572568392, 14.51999999999978
2.0898162699033365, 14.539999999999779
1.8897167763086964, 14.559999999999778
1.6920247183499255, 14.579999999999778
1.4967111317041455, 14.599999999999778
1.3037474005238303, 14.619999999999777
1.1131052532442478, 14.639999999999777
0.9247567584413154, 14.659999999999776
0.7386743207393046, 14.679999999999776
0.5548306767677821, 14.699999999999775
0.3731988911671846, 14.719999999999775
0.1937523526424612, 14.739999999999775
0.016464770064188946, 14.759999999999774
-0.15868983138340237, 14.779999999999774
-0.33173711400805944, 14.799999999999773
-0.5027024313693507, 14.819999999999773
-0.6716108319932756, 14.839999999999772
-0.8384870630421803, 14.859999999999772
-1.0033555739405244, 14.879999999999772
-1.1662405199570234, 14.899999999999771
-1.3271657657436882, 14.91999999999977
-1.4861548888322986, 14.93999999999977
-1.6432311830887942, 14.95999999999977
-1.7984176621261205, 14.97999999999977
-1.9517370626759982, 14.999999999999769
-1.7532988266791663, 15.019999999999769
-1.557248039407345, 15.039999999999768
-1.3635559770040382, 15.059999999999768
-1.172194261195008, 15.079999999999767
-0.9831348551305155, 15.099999999999767
-0.7963500592775712, 15.119999999999767
-0.611812507361616, 15.139999999999766
-0.42949516235702195, 15.159999999999766
-0.2493713125258368, 15.179999999999765
-0.07141456750418256, 15.199999999999765
0.104401145564255, 15.219999999999764
0.27810158584822287, 15.239999999999764
0.4497122026029364, 15.259999999999764
0.619258138898709, 15.279999999999763
0.7867642353047201, 15.299999999999763
0.9522550335284665, 15.319999999999762
1.1157547800114236, 15.339999999999762
1.2772874294814531, 15.359999999999761
1.4368766484624538, 15.379999999999761
1.5945458187418138, 15.39999999999976
1.75031804079612, 15.41999999999976
1.9042161371756645, 15.43999999999976
1.7063496346072557, 15.45999999999976
1.5108637021286144, 15.479999999999759
1.3177296986414255, 15.499999999999758
1.1269193276339629, 15.519999999999758
0.9384046330352929, 15.539999999999758
0.7521579951193728, 15.559999999999757
0.5681521264584126, 15.579999999999757
0.38636006792493244, 15.599999999999756
0.2067551847419225, 15.619999999999756
0.02931116258051503, 15.639999999999755
-0.14599799629538646, 15.659999999999755
-0.3191979768380971, 15.679999999999755
-0.4903141549793121, 15.699999999999754
-0.6593716013479944, 15.719999999999754
-0.8263950849435286, 15.739999999999753
-0.9914090767646884, 15.759999999999753
-1.154437753394935, 15.779999999999752
-1.3155050005445883, 15.799999999999752
-1.474634416550375, 15.819999999999752
-1.6318493158328773, 15.839999999999751
-1.7871727323123838, 15.85999999999975
-1.9406274227836415, 15.87999999999975
-1.7423228490090272, 15.89999999999975
-1.546404115843426, 15.91999999999975
-1.3528425187778927, 15.939999999999749
-1.1616096986529731, 15.959999999999749
-0.9726776375037323, 15.979999999999748
-0.7860186544547818, 15.999999999999748
-0.6016054016646877, 16.019999999999747
-0.4194108603191763, 16.039999999999747
-0.23940833667254388, 16.059999999999746
-0.06157145813669455, 16.079999999999746
0.1141258305827685, 16.099999999999746
0.28770927130396606, 16.119999999999745
0.45920429614023534, 16.139999999999745
0.6286360312262482, 16.159999999999744
0.7960293003993001, 16.179999999999744
0.9614086288363088, 16.199999999999743
1.1247982466470514, 16.219999999999743
1.286222092424182, 16.239999999999743
1.4457038167505185, 16.259999999999742
1.6032667856641538, 16.279999999999742
1.7589340840818666, 16.29999999999974
1.9127285191813466, 16.31999999999974
1.7147596025017466, 16.33999999999974
1.5191724880758524, 16.35999999999974
1.3259385199809526, 16.37999999999974
1.1350293870592707, 16.39999999999974
0.9464171187700413, 16.41999999999974
0.7600740810914665, 16.43999999999974
0.5759729724720055, 16.459999999999738
0.39408681983035215, 16.479999999999738
0.2143889746035484, 16.499999999999737
0.03685310884264231, 16.519999999999737
-0.13854678864468234, 16.539999999999736
-0.3118364161050653, 16.559999999999736
-0.4830411626045807, 16.579999999999735
-0.6521861117485459, 16.599999999999735
-0.8192960453565826, 16.619999999999735
-0.9843954470934555, 16.639999999999734
-1.1475085060562307, 16.659999999999734
-1.3086591203182802, 16.679999999999733
-1.4678709004306392, 16.699999999999733
-1.6251671728812493, 16.719999999999732
-1.7805709835125685, 16.739999999999732
-1.9341051008980779, 16.75999999999973
-1.7358789984371779, 16.77999999999973
-1.5400377924817654, 16.79999999999973
-1.346552789881591, 16.81999999999973
-1.15539564269923, 16.83999999999973
-0.9665383440567686, 16.85999999999973
-0.7799532240324456, 16.87999999999973
-0.5956129456066706, 16.89999999999973
-0.41349050065681336, 16.919999999999728
-0.2335592060001805, 16.939999999999728
-0.05579269948460254, 16.959999999999727
0.1198350638739503, 16.979999999999727
0.2933498157072759, 16.999999999999726
0.464776978064943, 17.019999999999726
0.6341416671389353, 17.039999999999726
0.8014686969434809, 17.059999999999725
0.966782582950612, 17.079999999999725
1.1301075456819842, 17.099999999999724
1.291467514257485, 17.119999999999724
1.4508861299011357, 17.139999999999723
1.6083867494048296, 17.159999999999723
1.7639924485503908, 17.179999999999723
1.917726025490453, 17.199999999999722
2.069610004088676, 17.21999999999972
1.8697536159787926, 17.23999999999972
1.6723017386557633, 17.25999999999972
1.4772254429861271, 17.27999999999972
1.284496147888416, 17.29999999999972
1.0940856161456702, 17.31999999999972
0.9059659502683378, 17.33999999999972
0.7201095884069498, 17.35999999999972
0.5364893003139674, 17.37999999999972
0.35507818335421776, 17.399999999999718
0.17584965856332463, 17.419999999999717
-0.0012225332464357772, 17.439999999999717
-0.17616433533343134, 17.459999999999717
-0.3490013788276805, 17.479999999999716
-0.5197589864861276, 17.499999999999716
-0.6884621764027404, 17.519999999999715
-0.8551356656739691, 17.539999999999715
-1.0198038740201025, 17.559999999999715
-1.1824909273630617, 17.579999999999714
-1.3432206613611468, 17.599999999999714
-1.5020166249012472, 17.619999999999713
-1.658902083549052, 17.639999999999713
-1.8139000229577338, 17.659999999999712
-1.9670331522356381, 17.679999999999712
-2.1183239072734357, 17.69999999999971
-1.917881432790304, 17.71999999999971
-1.7198505204123258, 17.73999999999971
-1.5242021561702663, 17.75999999999971
-1.3309076751675657, 17.77999999999971
-1.139938757380559, 17.79999999999971
-0.951267423509257, 17.81999999999971
-0.764866030878032, 17.83999999999971
-0.5807072693856219, 17.859999999999708
-0.39876415750386357, 17.879999999999708
-0.21901003832456775, 17.899999999999707
-0.041418575653955486, 17.919999999999707
0.1340362498459218, 17.939999999999706
0.3073801444693351, 17.959999999999706
0.47863850523316603, 17.979999999999706
0.6478364235978831, 17.999999999999705
0.8149986891437507, 18.019999999999705
0.9801497932028068, 18.039999999999704
1.1433139324471462, 18.059999999999704
1.3045150124340312, 18.079999999999703
1.4637766511083508, 18.099999999999703
1.6211221822629347, 18.119999999999703
1.7765746589572537, 18.139999999999702
1.9301568568949639, 18.1599999999997
2.0818912777608367, 18.1799999999997
1.881887131276552, 18.1999999999997
1.6842892732886459, 18.2199999999997
1.4890687532756952, 18.2399999999997
1.2961969690255852, 18.2599999999997
1.1056456624449391, 18.2799999999997
0.9173869154189581, 18.2999999999997
0.7313931457210701, 18.3199999999997
0.5476371029717942, 18.339999999999698
0.36609186464622795, 18.359999999999697
0.18673083212956235, 18.379999999999697
0.009527726820058228, 18.399999999999697
-0.16554341372109352, 18.419999999999696
-0.338508239573588, 18.439999999999696
-0.5093920922160611, 18.459999999999695
-0.678220008238926, 18.479999999999695
-0.8450167230125439, 18.499999999999694
-1.0098066743112601, 18.519999999999694
-1.1726140058938377, 18.539999999999694
-1.3334625710408212, 18.559999999999693
-1.492375936049326, 18.579999999999693
-1.6493773836858046, 18.599999999999692
-1.8044899165972483, 18.619999999999692
-1.9577362606813584, 18.63999999999969
-2.1091388684161787, 18.65999999999969
-1.9088069009086779, 18.67999999999969
-1.7108851659755702, 18.69999999999969
-1.5153446656434695, 18.71999999999969
-1.3221567508192, 18.73999999999969
-1.131293117092361, 18.75999999999969
-0.9427258005883737, 18.77999999999969
-0.7564271738714377, 18.799999999999688
-0.5723699418967622, 18.819999999999688
-0.39052713801151057, 18.839999999999687
-0.21087212000385233, 18.859999999999687
-0.03337856619955026, 18.879999999999686
0.14197952839448844, 18.899999999999686
0.31522785590026453, 18.919999999999686
0.48639179933289944, 18.939999999999685
0.6554964363195593, 18.959999999999685
0.8225665427736366, 18.979999999999684
0.9876265965247268, 18.999999999999684
1.1507007809049354, 19.019999999999683
1.3118129882920233, 19.039999999999683
1.4709868236099486, 19.059999999999683
1.6282456077872725, 19.079999999999682
1.7836123811739566, 19.09999999999968
1.9371099069170739, 19.11999999999968
2.0887606742958718, 19.13999999999968
1.888673880775761, 19.15999999999968
1.6909943700944738, 19.17999999999968
1.495693179767457, 19.19999999999968
1.3027416957634055, 19.21999999999968
1.1121116483119458, 19.23999999999968
0.9237751077617652, 19.25999999999968
0.7377044804885847, 19.279999999999678
0.5538725048523414, 19.299999999999677
0.3722522472030295, 19.319999999999677
0.1928170979345851, 19.339999999999677
0.01554076758625058, 19.359999999999676
-0.15960271700915346, 19.379999999999676
-0.33263901653061817, 19.399999999999675
-0.503593482928552, 19.419999999999675
-0.6724911631391534, 19.439999999999674
-0.839356802754098, 19.459999999999674
-1.0042148496460688, 19.479999999999674
-1.1670894575506743, 19.499999999999673
-1.328004489605265, 19.519999999999673
-1.486983521845185, 19.539999999999672
-1.6440498466579387, 19.559999999999672
-1.799226476195823, 19.57999999999967
-1.9525361457474897, 19.59999999999967
-1.754088295827964, 19.61999999999967
-1.5580280103004112, 19.63999999999967
-1.36432656391672, 19.65999999999967
-1.1729555770277837, 19.67999999999967
-0.9838870114255378, 19.69999999999967
-0.797093166235008, 19.71999999999967
-0.6125466738557936, 19.739999999999668
-0.43022049595238, 19.759999999999668
-0.2500879194926861, 19.779999999999667
-0.07212255283427563, 19.799999999999667
0.1037016781423421, 19.819999999999666
0.2774105338538926, 19.839999999999666
0.4490294647885552, 19.859999999999665
0.618583615234772, 19.879999999999665
0.7860978269651981, 19.899999999999665
0.9515966428763246, 19.919999999999664
1.1151043105843168, 19.939999999999664
1.2766447859775925, 19.959999999999663
1.4362417367266478, 19.979999999999663
1.5939185457516685, 19.999999999999662
1.7496983146484109, 20.019999999999662
1.9036038670728752, 20.03999999999966
1.7057447308442713, 20.05999999999966
1.5102660760795736, 20.07999999999966
1.317139262746749, 20.09999999999966
1.126335995387516, 20.11999999999966
0.9378283189717148, 20.13999999999966
0.7515886148015485, 20.15999999999966
0.5675895964651084, 20.17999999999966
0.3858043058385726, 20.19999999999966
0.20620610913651172, 20.219999999999658
0.02876869300971017, 20.239999999999657
-0.14653393931006334, 20.259999999999657
-0.3197274718189026, 20.279999999999657
-0.49083727950378697, 20.299999999999656
-0.6598884320603269, 20.319999999999656
-0.8269056975657889, 20.339999999999655
-0.9919135461079188, 20.359999999999655
-1.154936153370113, 20.379999999999654
-1.3159974041734492, 20.399999999999654
-1.4751208959761193, 20.419999999999654
-1.632329942330739, 20.439999999999653
-1.7876475763000665, 20.459999999999653
-1.9410965538316416, 20.479999999999652
-1.742786335850825, 20.499999999999652
-1.546862026385558, 20.51999999999965
-1.3532949201098954, 20.53999999999965
-1.1620566570572164, 20.55999999999965
-0.9731192184651304, 20.57999999999965
-0.7864549226703871, 20.59999999999965
-0.6020364210531717, 20.61999999999965
-0.4198366940301908, 20.63999999999965
-0.23982904709597516, 20.65999999999965
-0.061987106911805194, 20.679999999999648
0.11371518255831065, 20.699999999999648
0.28730356386516437, 20.719999999999647
0.4588034698459499, 20.739999999999647
0.6282400273504871, 20.759999999999646
0.7956380609226159, 20.779999999999646
0.9610220964372959, 20.799999999999645
1.1244163646939522, 20.819999999999645
1.2858448049665792, 20.839999999999645
1.445331068511151, 20.859999999999644
1.6028985220308127, 20.879999999999644
1.758570251099391, 20.899999999999643
1.9123690635437198, 20.919999999999643
1.7144044715442888, 20.939999999999642
1.5188216297674995, 20.959999999999642
1.3255918829166375, 20.97999999999964
1.1346869204523948, 20.99999999999964
0.946078772445024, 21.01999999999964
0.7597398054764024, 21.03999999999964
0.5756427185913978, 21.05999999999964
0.3937605392979364, 21.07999999999964
0.21406661961520584, 21.09999999999964
0.03653463216939402, 21.11999999999964
-0.13886143366359419, 21.139999999999638
-0.31214727556901367, 21.159999999999638
-0.48334828205830777, 21.179999999999637
-0.6524895361888365, 21.199999999999637
-0.8195958192388575, 21.219999999999636
-0.9846916143382816, 21.239999999999636
-1.14780111005576, 21.259999999999636
-1.3089482039426052, 21.279999999999635
-1.4681565060340735, 21.299999999999635
-1.6254493423085339, 21.319999999999634
-1.7808497581050002, 21.339999999999634
-1.93438052149957, 21.359999999999634
-1.736151105400244, 21.379999999999633
-1.5403066256734306, 21.399999999999633
-1.346818388689231, 21.419999999999632
-1.155658046036342, 21.439999999999632
-0.9667975903686776, 21.45999999999963
-0.7802093513019298, 21.47999999999963
-0.5958659913595311, 21.49999999999963
-0.413740501967372, 21.51999999999963
-0.23380619949671058, 21.53999999999963
-0.05603672135469474, 21.55999999999963
0.11959397787808458, 21.57999999999963
0.2931116302635676, 21.59999999999963
0.4645416582762893, 21.619999999999628
0.6339091785280868, 21.639999999999628
0.8012390054479904, 21.659999999999627
0.9665556549178439, 21.679999999999627
1.1298833478641865, 21.699999999999626
1.291246013806913, 21.719999999999626
1.4506672943652443, 21.739999999999625
1.6081705467215177, 21.759999999999625
1.7637788470432978, 21.779999999999625
1.917514993864325, 21.799999999999624
2.0694015114247812, 21.819999999999624
1.8695476317303852, 21.839999999999623
1.6720982326436131, 21.859999999999623
1.4770243853940956, 21.879999999999622
1.284297509259087, 21.899999999999622
1.0938893673760388, 21.91999999999962
0.9057720626055388, 21.93999999999962
0.7199180334440506, 21.95999999999962
0.5363000499858053, 21.97999999999962
0.35489120993328716, 21.99999999999962
0.17566493465571592, 22.01999999999962
-0.001405034705051787, 22.03999999999962
-0.17634464108176753, 22.05999999999962
-0.349179515282751, 22.079999999999618
-0.5199349797471186, 22.099999999999618
-0.6886360522548334, 22.119999999999617
-0.8553074495921186, 22.139999999999617
-1.0199735911727714, 22.159999999999616
-1.1826586026159063, 22.179999999999616
-1.343386319280656, 22.199999999999616
-1.5021802897583487, 22.219999999999615
-1.6590637793226635, 22.239999999999615
-1.8140597733382782, 22.259999999999614
-1.9671909806285144, 22.279999999999614
-2.11847983680245, 22.299999999999613
-1.9180354863010558, 22.319999999999613
-1.7200027204755506, 22.339999999999613
-1.5243525250851504, 22.359999999999612
-1.3310562349650052, 22.37999999999961
-1.140085529826396, 22.39999999999961
-0.9514124301074665, 22.41999999999961
-0.7650092928738659, 22.43999999999961
-0.5808488077687275, 22.45999999999961
-0.3989039930113582, 22.47999999999961
-0.21914819144407746, 22.49999999999961
-0.041555066626614554, 22.51999999999961
0.13390140102250386, 22.53999999999961
0.3072469180381438, 22.559999999999608
0.47850688167488686, 22.579999999999607
0.6477063836280418, 22.599999999999607
0.8148702137098898, 22.619999999999607
0.9800228634816937, 22.639999999999606
1.1431885298420128, 22.659999999999606
1.304391118571851, 22.679999999999605
1.463654247837143, 22.699999999999605
1.6210012516491126, 22.719999999999605
1.7764551832829913, 22.739999999999604
1.930038818655602, 22.759999999999604
2.081774659662316, 22.779999999999603
1.8817719162328876, 22.799999999999603
1.6841754444194144, 22.819999999999602
1.4889562939035603, 22.839999999999602
1.2960858626738665, 22.8599999999996
1.105535892835187, 22.8799999999996
0.9172784664685713, 22.8999999999996
0.7312860015409406, 22.9199999999996
0.54753124786398, 22.9399999999996
0.36598728310165124, 22.9599999999996
0.18662750882573723, 22.9799999999996
0.009425646618847509, 22.9999999999996
-0.16564426577569716, 23.019999999999598
-0.33860787825765404, 23.039999999999598
-0.5094905321278843, 23.059999999999597
-0.6783172638011667, 23.079999999999597
-0.8451128084743411, 23.099999999999596
-1.0099016037503177, 23.119999999999596
-1.1727077932184886, 23.139999999999596
-1.333555229992065, 23.159999999999595
-1.492467480202841, 23.179999999999595
-1.6494678264539373, 23.199999999999594
-1.804579271230975, 23.219999999999594
-1.9578245402722367, 23.239999999999593
-2.109226085898261, 23.259999999999593
-1.9088930690603938, 23.279999999999593
-1.710970297421618, 23.299999999999592
-1.5154287728566547, 23.31999999999959
-1.322239846122267, 23.33999999999959
-1.1313752126597945, 23.35999999999959
-0.942806908448189, 23.37999999999959
-0.7565073059069336, 23.39999999999959
-0.5724491098482695, 23.41999999999959
-0.3906053534781112, 23.43999999999959
-0.21094939444507507, 23.45999999999959
-0.03345491093705318, 23.47999999999959
0.1419041021752604, 23.499999999999588
0.3151533371484407, 23.519999999999587
0.48631817713056436, 23.539999999999587
0.6554236998801527, 23.559999999999587
0.8224946814403744, 23.579999999999586
0.9875555997690387, 23.599999999999586
1.150630638324918, 23.619999999999585
1.3117436896109274, 23.639999999999585
1.4709183586746644, 23.659999999999584
1.6281779665668406, 23.679999999999584
1.7835455537581073, 23.699999999999584
1.9370438835147628, 23.719999999999583
2.088695445233858, 23.739999999999583
1.8886094364971902, 23.759999999999582
1.6909307011574588, 23.779999999999582
1.495630276843715, 23.79999999999958
1.3026795496368815, 23.81999999999958
1.1120502498774645, 23.83999999999958
0.923714448023702, 23.85999999999958
0.7376445505595386, 23.87999999999958
0.5538132959518417, 23.89999999999958
0.3721937506562422, 23.91999999999958
0.19275930517104517, 23.93999999999958
0.01548367013860546, 23.959999999999578
-0.1596591275063835, 23.979999999999578
-0.3326947483422661, 23.999999999999577
-0.5036485442200154, 24.019999999999577
-0.6725455619775902, 24.039999999999576
-0.8394105471096082, 24.059999999999576
-1.0042679473928633, 24.079999999999576
-1.1671419164682266, 24.099999999999575
-1.3280563173794546, 24.119999999999575
-1.4870347260694188, 24.139999999999574
-1.644100434834267, 24.159999999999574
-1.7992764557360372, 24.179999999999573
-1.9525855239742071, 24.199999999999573
-1.7541370799757043, 24.219999999999573
-1.5580762075166503, 24.239999999999572
-1.3643741812629464, 24.25999999999957
-1.1730026214805263, 24.27999999999957
-0.9839334898773882, 24.29999999999957
-0.7971390854956308, 24.31999999999957
-0.6125920406529279, 24.33999999999957
-0.43026531693282033, 24.35999999999957
-0.2501322012232578, 24.37999999999957
-0.07216630180279848, 24.39999999999957
0.10365845552610513, 24.41999999999957
0.2773678312572956, 24.439999999999568
0.44898727595514126, 24.459999999999567
0.6185419339833579, 24.479999999999567
0.7860566471889661, 24.499999999999567
0.9515559585419303, 24.519999999999566
1.1150641157310053, 24.539999999999566
1.2766050747163211, 24.559999999999565
1.4362025032392274, 24.579999999999565
1.5938797842899082, 24.599999999999564
1.749660019533282, 24.619999999999564
1.9035660326936679, 24.639999999999564
1.7057073516577836, 24.659999999999563
1.510229146609296, 24.679999999999563
1.3171027775820587, 24.699999999999562
1.1262999491828847, 24.719999999999562
0.9377927064459294, 24.73999999999956
0.7515534307369356, 24.75999999999956
0.567554835706768, 24.77999999999956
0.3857699632936256, 24.79999999999956
0.2061721797733523, 24.81999999999956
0.028735171857268867, 24.83999999999956
-0.1465670571630485, 24.85999999999956
-0.3197601912246051, 24.87999999999956
-0.490869605256003, 24.899999999999558
-0.6599203688951779, 24.919999999999558
-0.8269372501624154, 24.939999999999557
-0.991944719089164, 24.959999999999557
-1.1549669513032017, 24.979999999999556
-1.31602783157066, 24.999999999999556
-1.475150957295441, 25.019999999999555
-1.6323596419765232, 25.039999999999555
-1.7876769186236796, 25.059999999999555
-1.9411255431320948, 25.079999999999554
-1.7428149763754084, 25.099999999999554
-1.54689032233046, 25.119999999999553
-1.3533228756208207, 25.139999999999553
-1.1620842762299932, 25.159999999999553
-0.9731465053463093, 25.179999999999552
-0.7864818812578306, 25.19999999999955
-0.6020630552966449, 25.21999999999955
-0.41986300783193814, 25.23999999999955
-0.2398550443112944, 25.25999999999955
-0.06201279134960817, 25.27999999999955
0.11368980713493715, 25.29999999999955
0.28727849373840814, 25.31999999999955
0.45877870134272886, 25.33999999999955
0.6282155568419101, 25.35999999999955
0.7956138848234509, 25.379999999999548
0.960998211205446, 25.399999999999547
1.1243927668299356, 25.419999999999547
1.2858214910130203, 25.439999999999547
1.445308035052267, 25.459999999999546
1.6028757656919166, 25.479999999999546
1.7585477685464004, 25.499999999999545
1.912346851482665, 25.519999999999545
1.7143825267208264, 25.539999999999544
1.5187999489664457, 25.559999999999544
1.3255704629614882, 25.579999999999544
1.1346657582048605, 25.599999999999543
0.9460578648045752, 25.619999999999543
0.759719149379812, 25.639999999999542
0.5756223110122926, 25.659999999999542
0.39374037724635486, 25.67999999999954
0.2140467001371591, 25.69999999999954
0.03651495234643294, 25.71999999999954
-0.13888087671480603, 25.73999999999954
-0.3121664846971234, 25.75999999999954
-0.4833672600776888, 25.77999999999954
-0.6525082858800031, 25.79999999999954
-0.8196143433488698, 25.81999999999954
-0.9847099155811501, 25.839999999999538
-1.1478191911128415, 25.859999999999538
-1.3089660674629977, 25.879999999999537
-1.4681741546350047, 25.899999999999537
-1.6254667785757408, 25.919999999999536
-1.7808669845931122, 25.939999999999536
-1.9343975407324794, 25.959999999999535
-1.7361679198714772, 25.979999999999535
-1.5403232378465157, 25.999999999999535
-1.3468348009980542, 26.019999999999534
-1.1556742608855108, 26.039999999999534
-0.9668136101338632, 26.059999999999533
-0.780225178330227, 26.079999999999533
-0.5958816279697957, 26.099999999999532
-0.413755950450559, 26.119999999999532
-0.23382146211621385, 26.13999999999953
-0.056051800346676305, 26.15999999999953
0.11957908030436647, 26.17999999999953
0.29309691192543463, 26.19999999999953
0.4645271170173235, 26.21999999999953
0.6338948122178141, 26.23999999999953
0.8012248119815696, 26.25999999999953
0.9665416322157587, 26.27999999999953
1.1298694938719362, 26.299999999999528
1.2912323264947174, 26.319999999999528
1.4506537717277432, 26.339999999999527
1.6081571867774782, 26.359999999999527
1.7637656478353245, 26.379999999999526
1.9175019534585718, 26.399999999999526
2.069388627910667, 26.419999999999526
1.8695349032203186, 26.439999999999525
1.6720856572727076, 26.459999999999525
1.477011961319903, 26.479999999999524
1.28428523466133, 26.499999999999524
1.0938772404563353, 26.519999999999524
0.905760081587147, 26.539999999999523
0.719906196571604, 26.559999999999523
0.5362883555250565, 26.579999999999522
0.35487965617085365, 26.599999999999522
0.1756535198988288, 26.61999999999952
-0.0014163121287952, 26.63999999999952
-0.1763557828246489, 26.65999999999952
-0.3491905229771729, 26.67999999999952
-0.5199458550058437, 26.69999999999952
-0.6886467966712215, 26.71999999999952
-0.8553180647403592, 26.73999999999952
-1.0199840786081127, 26.75999999999952
-1.1826689638748877, 26.779999999999518
-1.3433965558813303, 26.799999999999518
-1.5021904032005038, 26.819999999999517
-1.6590737710880419, 26.839999999999517
-1.8140696448907985, 26.859999999999516
-1.96720073341448, 26.879999999999516
-2.1184894722507694, 26.899999999999515
-1.9180450058234362, 26.919999999999515
-1.7200121254667207, 26.939999999999515
-1.5243618169230548, 26.959999999999514
-1.3310654150110128, 26.979999999999514
-1.1400945994254965, 26.999999999999513
-0.951421390588468, 27.019999999999513
-0.7650181455495919, 27.039999999999512
-0.5808575539362024, 27.059999999999512
-0.39891263395200405, 27.07999999999951
-0.21915672842389838, 27.09999999999951
-0.04156350089638332, 27.11999999999951
0.1338930682270629, 27.13999999999951
0.30723868549617306, 27.15999999999951
0.47849874818021776, 27.17999999999951
0.6476983479890186, 27.19999999999951
0.814862274749191, 27.21999999999951
0.980015020036163, 27.239999999999508
1.1431807807624905, 27.259999999999508
1.3043834627229978, 27.279999999999507
1.4636466840972844, 27.299999999999507
1.6209937789100684, 27.319999999999506
1.7764478004499118, 27.339999999999506
1.930031524646812, 27.359999999999506
2.081767453409157, 27.379999999999505
1.88176479667955, 27.399999999999505
1.6841684105227959, 27.419999999999504
1.4889493446331126, 27.439999999999504
1.2960789970114341, 27.459999999999503
1.1055291097748656, 27.479999999999503
0.9172717650165584, 27.499999999999503
0.7312793807153894, 27.519999999999502
0.5475247066948582, 27.5399999999995
0.3659808206305976, 27.5599999999995
0.1866211241059207, 27.5799999999995
0.009419338714827561, 27.5999999999995
-0.16565049778810628, 27.6199999999995
-0.33861403529151896, 27.6399999999995
-0.5094966150852858, 27.6599999999995
-0.6783232735733327, 27.6799999999995
-0.8451187459417778, 27.6999999999995
-1.0099074697829364, 27.719999999999498
-1.1727135886757376, 27.739999999999498
-1.333560955723047, 27.759999999999497
-1.49247313704645, 27.779999999999497
-1.649473415238968, 27.799999999999496
-1.804584792776255, 27.819999999999496
-1.9578299953867409, 27.839999999999495
-2.1092314753812267, 27.859999999999495
-1.9088983937014508, 27.879999999999495
-1.7109755580008934, 27.899999999999494
-1.5154339701448845, 27.919999999999494
-1.3222449808809176, 27.939999999999493
-1.1313802856411748, 27.959999999999493
-0.9428119203955512, 27.979999999999492
-0.7565122575545903, 27.999999999999492
-0.5724540019216979, 28.01999999999949
-0.3906101866940589, 28.03999999999949
-0.21095416951166815, 28.05999999999949
-0.03345962855389823, 28.07999999999949
0.14189944131697432, 28.09999999999949
0.31514873236584023, 28.11999999999949
0.4863136277489921, 28.13999999999949
0.6554192052330685, 28.15999999999949
0.8224902408692556, 28.179999999999488
0.987551212623288, 28.199999999999488
1.1506263039617661, 28.219999999999487
1.311739407395334, 28.239999999999487
1.470914127979231, 28.259999999999486
1.6281737867717208, 28.279999999999486
1.7835414242509087, 28.299999999999486
1.9370398036904641, 28.319999999999485
2.0886914144947135, 28.339999999999485
1.8886054542526434, 28.359999999999484
1.6909267668240642, 28.379999999999484
1.4956263898450441, 28.399999999999483
1.302675709403444, 28.419999999999483
1.1120464558466165, 28.439999999999483
0.9237106996395704, 28.459999999999482
0.7376408472729408, 28.47999999999948
0.5538096372201992, 28.49999999999948
0.37219013594350664, 28.51999999999948
0.19275573394761603, 28.53999999999948
0.015480141881254789, 28.55999999999948
-0.15966261331458884, 28.57999999999948
-0.33269819221204033, 28.59999999999948
-0.5036519466559275, 28.61999999999948
-0.6725489234781392, 28.63999999999948
-0.8394138681672946, 28.659999999999478
-1.0042712284942625, 28.679999999999477
-1.1671451580940635, 28.699999999999477
-1.3280595200046657, 28.719999999999477
-1.4870378901632262, 28.739999999999476
-1.6441035608602497, 28.759999999999476
-1.799279544152197, 28.779999999999475
-1.9525885752330356, 28.799999999999475
-1.7541400945242487, 28.819999999999474
-1.5580791857965808, 28.839999999999474
-1.364377123710616, 28.859999999999474
-1.1730055285270402, 28.879999999999473
-0.9839363619486626, 28.899999999999473
-0.7971419230124613, 28.919999999999472
-0.6125948440310458, 28.939999999999472
-0.43026808658295623, 28.95999999999947
-0.25013493755119887, 28.97999999999947
-0.07216900520944981, 28.99999999999947
0.10365578464466105, 29.01999999999947
0.2773651925097416, 29.03999999999947
0.44898466895486844, 29.05999999999947
0.6185393583484077, 29.07999999999947
0.7860541025419762, 29.09999999999947
0.9515534445100796, 29.119999999999468
1.115061631945957, 29.139999999999468
1.27660262081417, 29.159999999999467
1.4362000788604465, 29.179999999999467
1.5938773890792954, 29.199999999999466
1.7496576531399082, 29.219999999999466
1.9035636947708319, 29.239999999999466
1.7057050418629478, 29.259999999999465
1.5102268646040469, 29.279999999999465
1.3171005230320545, 29.299999999999464
1.1262977217578063, 29.319999999999464
0.9377905058194326, 29.339999999999463
0.7515512565866019, 29.359999999999463
0.5675526877140571, 29.379999999999463
0.3857678411438293, 29.399999999999462
0.2061700831555498, 29.41999999999946
0.028733100464279716, 29.43999999999946
-0.14656910363470868, 29.45999999999946
-0.3197622130747699, 29.47999999999946
-0.49087160278089803, 29.49999999999946
-0.6599223423874654, 29.51999999999946
-0.8269391999112362, 29.53999999999946
-0.9919466453801803, 29.55999999999946
-1.1549688544186376, 29.57999999999946
-1.3160297117893467, 29.599999999999458
-1.4751528148928543, 29.619999999999457
-1.6323614772248227, 29.639999999999457
-1.7876787317917515, 29.659999999999457
-1.9411273344855908, 29.679999999999456
-1.7428167461767836, 29.699999999999456
-1.5468920708390121, 29.719999999999455
-1.3533246030927304, 29.739999999999455
-1.162085982918354, 29.759999999999454
-0.9731481915011696, 29.779999999999454
-0.7864835471262369, 29.799999999999454
-0.6020647011226662, 29.819999999999453
-0.4198646338567087, 29.839999999999453
-0.239856650773047, 29.859999999999452
-0.06201437848370935, 29.879999999999452
0.11368823909595281, 29.89999999999945
0.2872769445648034, 29.91999999999945
0.45877717080753067, 29.93999999999945
0.6282140447208756, 29.95999999999945
0.795612390895037, 29.97999999999945
0.9609967352507742, 29.99999999999945
1.12439130863276, 30.01999999999945
1.2858200503596975, 30.03999999999945
1.4453066117317235, 30.059999999999448
1.6028743594956174, 30.079999999999448
1.7585463792683214, 30.099999999999447
1.9123454789192595, 30.119999999999447
1.714381170670999, 30.139999999999446
1.518798609231517, 30.159999999999446
1.3255691393451683, 30.179999999999445
1.1346644505132244, 30.199999999999445
0.9460565728460278, 30.219999999999445
0.7597178729650671, 30.239999999999444
0.5756210499543394, 30.259999999999444
0.39373913136043337, 30.279999999999443
0.21404546924073128, 30.299999999999443
0.03651373625915767, 30.319999999999443
-0.13888207817110054, 30.339999999999442
-0.31216767169846477, 30.35999999999944
-0.48336843279798825, 30.37999999999944
-0.6525094444910785, 30.39999999999944
-0.8196154880204713, 30.41999999999944
-0.984711046480988, 30.43999999999944
-1.1478203084066065, 30.45999999999944
-1.3089671713143853, 30.47999999999944
-1.468175245205744, 30.49999999999944
-1.6254678560256137, 30.51999999999944
-1.7808680490799775, 30.539999999999438
-1.9343985924122997, 30.559999999999437
-1.736168958898335, 30.579999999999437
-1.5403242643726398, 30.599999999999437
-1.346835815173845, 30.619999999999436
-1.1556752628595564, 30.639999999999436
-0.9668146000529676, 30.659999999999435
-0.7802261563394235, 30.679999999999435
-0.595882594212375, 30.699999999999434
-0.4137569050680878, 30.719999999999434
-0.23382240524855544, 30.739999999999434
-0.05605273213201057, 30.759999999999433
0.11957815972952143, 30.779999999999433
0.2930960024262031, 30.799999999999432
0.4645262184604532, 30.819999999999432
0.6338939244716559, 30.83999999999943
0.801223934916056, 30.85999999999943
0.9665407657023896, 30.87999999999943
1.1298686377837568, 30.89999999999943
1.2912314807063008, 30.91999999999943
1.4506529361151705, 30.93999999999943
1.6081563612183214, 30.95999999999943
1.7637648322086292, 30.97999999999943
1.917501147644838, 30.999999999999428
2.069387831791834, 31.019999999999428
1.8695341166797443, 31.039999999999427
1.672084880195154, 31.059999999999427
1.4770111935915207, 31.079999999999426
1.2842844761696368, 31.099999999999426
1.0938764910902021, 31.119999999999425
0.9057593412367816, 31.139999999999425
0.7199054651285361, 31.159999999999425
0.5362876328821214, 31.179999999999424
0.3548789422221761, 31.199999999999424
0.17565281453980539, 31.219999999999423
-0.001417009001508122, 31.239999999999423
-0.1763564713131516, 31.259999999999422
-0.3491912031823376, 31.279999999999422
-0.5199465270273291, 31.29999999999942
-0.6886474606074864, 31.31999999999942
-0.8553187206886793, 31.33999999999942
-1.0199847266645932, 31.35999999999942
-1.1826696041344753, 31.37999999999942
-1.3433971884378317, 31.39999999999942
-1.5021910281465964, 31.41999999999942
-1.659074388515289, 31.43999999999942
-1.8140702548896601, 31.459999999999418
-1.9672013360743275, 31.479999999999418
-2.1184900676599, 31.499999999999417
-1.9180455940690824, 31.519999999999417
-1.720012706635068, 31.539999999999417
-1.5243623910992548, 31.559999999999416
-1.3310659822791888, 31.579999999999416
-1.140095159868761, 31.599999999999415
-0.9514219442889317, 31.619999999999415
-0.7650186925883777, 31.639999999999414
-0.58085809439346, 31.659999999999414
-0.3989131679069152, 31.679999999999414
-0.21915725595469468, 31.699999999999413
-0.04156402208035449, 31.719999999999413
0.13389255331355676, 31.739999999999412
0.3072381767776908, 31.759999999999412
0.4784982455822257, 31.77999999999941
0.6476978514378798, 31.79999999999941
0.8148617841721552, 31.81999999999941
0.9800145353613541, 31.83999999999941
1.143180301918896, 31.85999999999941
1.3043829896404653, 31.87999999999941
1.4636462167065, 31.89999999999941
1.6209933171425537, 31.91999999999941
1.7764473442380138, 31.939999999999408
1.9300310739236883, 31.959999999999408
2.0817670081087676, 31.979999999999407
1.8817643567366578, 31.999999999999407
1.684167975872942, 32.019999999999406
1.488948915212614, 32.03999999999941
1.2960785727573763, 32.05999999999941
1.1055286906250905, 32.079999999999416
0.9172713509096564, 32.09999999999942
0.7312789715906888, 32.11999999999942
0.5475243024924167, 32.139999999999425
0.3659804212911941, 32.15999999999943
0.18662072957104675, 32.17999999999943
0.009418948926678996, 32.199999999999434
-0.1656508828866382, 32.21999999999944
-0.3386144157568559, 32.23999999999944
-0.509496990973171, 32.259999999999444
-0.6783236449388389, 32.27999999999945
-0.845119112839313, 32.29999999999945
-1.0099078322662571, 32.31999999999945
-1.1727139467979508, 32.339999999999456
-1.3335613095366228, 32.35999999999946
-1.4924734866032268, 32.37999999999946
-1.64947376059016, 32.399999999999466
-1.804585133972461, 32.41999999999947
-1.9578303324779482, 32.43999999999947
-2.109231808416826, 32.459999999999475
-1.9088987227302365, 32.47999999999948
-1.7109758830710682, 32.49999999999948
-1.5154342913040761, 32.519999999999484
-1.322245298176182, 32.53999999999949
-1.131380599118997, 32.55999999999949
-0.942812230101861, 32.579999999999494
-0.7565125635347633, 32.5999999999995
-0.5724543042205648, 32.6199999999995
-0.39061048535591025, 32.6399999999995
-0.21095446458026154, 32.659999999999506
-0.03345992007246448, 32.67999999999951
0.14189915330572417, 32.69999999999951
0.315148447819709, 32.719999999999516
0.48631334662629055, 32.73999999999952
0.6554189274926081, 32.75999999999952
0.8224899664703459, 32.779999999999525
0.9875509415257231, 32.79999999999953
1.1506260361258278, 32.81999999999953
1.3117391427817808, 32.839999999999534
1.4709138665492956, 32.85999999999954
1.6281735284870988, 32.87999999999954
1.7835411690737595, 32.899999999999544
1.9370395515833994, 32.91999999999955
2.088691165420795, 32.93999999999955
1.8886052081753815, 32.95999999999955
1.6909265237074074, 32.979999999999556
1.4956261496533725, 32.99999999999956
1.3026754721015632, 33.01999999999956
1.112046221399761, 33.039999999999566
0.9237104680133931, 33.05999999999957
0.7376406184335026, 33.07999999999957
0.5538094111339733, 33.099999999999575
0.37218991257736833, 33.11999999999958
0.19275551326883905, 33.13999999999958
0.015479923857506782, 33.159999999999584
-0.15966282871525111, 33.17999999999959
-0.33269840502117554, 33.19999999999959
-0.5036521569047149, 33.219999999999594
-0.6725491311973825, 33.2399999999996
-0.839414073387428, 33.2599999999996
-1.0042714312453536, 33.2799999999996
-1.1671453584058151, 33.299999999999606
-1.3280597179064282, 33.31999999999961
-1.4870380856839946, 33.33999999999961
-1.64410375402867, 33.359999999999616
-1.7992797349965726, 33.37999999999962
-1.9525887637813264, 33.39999999999962
-1.7541402808040785, 33.419999999999625
-1.5580793698352422, 33.43999999999963
-1.3643773055350723, 33.45999999999963
-1.173005708163932, 33.479999999999634
-0.9839365394243098, 33.49999999999964
-0.7971420983528648, 33.51999999999964
-0.6125950172618946, 33.539999999999644
-0.4302682577296305, 33.55999999999965
-0.2501351066387742, 33.57999999999965
-0.0721691722626999, 33.59999999999965
0.10365561960126095, 33.619999999999656
0.27736502945201064, 33.63999999999966
0.44898450785891664, 33.65999999999966
0.6185391991906326, 33.679999999999666
0.7860539452990609, 33.69999999999967
0.9515532891589835, 33.71999999999967
1.11506147846392, 33.739999999999675
1.2766024691787043, 33.75999999999968
1.436199929049339, 33.77999999999968
1.5938772410705964, 33.799999999999685
1.7496575069119302, 33.81999999999969
1.9035635503021497, 33.83999999999969
1.7057048991323975, 33.859999999999694
1.5102267235907165, 33.8799999999997
1.317100383715281, 33.8999999999997
1.1262975841171805, 33.9199999999997
0.9377903698347876, 33.939999999999706
0.7515511222380139, 33.95999999999971
0.5675525549818429, 33.97999999999971
0.3857677100085432, 33.999999999999716
0.20616995359797793, 34.01999999999972
0.02873297246543998, 34.03999999999972
-0.14656923009356965, 34.059999999999725
-0.3197623380121799, 34.07999999999973
-0.4908717262151617, 34.09999999999973
-0.659922464336669, 34.119999999999735
-0.8269393203932447, 34.13999999999974
-0.9919467644126454, 34.15999999999974
-1.1549689720190002, 34.179999999999744
-1.316029827974837, 34.19999999999975
-1.4751529296804937, 34.21999999999975
-1.6323615906314302, 34.23999999999975
-1.7876788438339437, 34.259999999999756
-1.9411274451797815, 34.27999999999976
-1.7428168555391916, 34.29999999999976
-1.5468921788856609, 34.319999999999766
-1.3533247098394485, 34.33999999999977
-1.1620860883807826, 34.35999999999977
-0.9731482956947618, 34.379999999999775
-0.7864836500662568, 34.39999999999978
-0.6020648028241956, 34.41999999999978
-0.4198647343346485, 34.439999999999785
-0.2398567500421171, 34.45999999999979
-0.06201447655845393, 34.47999999999979
0.1136881422011644, 34.499999999999794
0.2872768488357749, 34.5199999999998
0.4587770762302366, 34.5399999999998
0.6282139512814596, 34.5599999999998
0.795612298579808, 34.57999999999981
0.9609966440462065, 34.59999999999981
1.1243912185254912, 34.61999999999981
1.2858199613365253, 34.639999999999816
1.4453065237796061, 34.65999999999982
1.6028742726016691, 34.67999999999982
1.7585462934198108, 34.699999999999825
1.9123453941036095, 34.71999999999983
1.7143810868757805, 34.73999999999983
1.5187985264444548, 34.759999999999835
1.325569057554134, 34.77999999999984
1.1346643697062346, 34.79999999999984
0.9460564930112443, 34.819999999999844
0.7597177940907914, 34.83999999999985
0.5756209720290161, 34.85999999999985
0.39373905437264495, 34.87999999999985
0.21404539317919768, 34.89999999999986
0.036513661112735116, 34.91999999999986
-0.13888215241342197, 34.93999999999986
-0.3121677450475627, 34.959999999999866
-0.48336850526460884, 34.97999999999987
-0.6525095160858401, 34.99999999999987
-0.8196155587538633, 35.019999999999875
-0.9847111163633717, 35.03999999999988
-1.147820377448223, 35.05999999999988
-1.3089672395253484, 35.079999999999885
-1.4681753125960466, 35.09999999999989
-1.6254679226051283, 35.11999999999989
-1.7808681148584622, 35.139999999999894
-1.93439865739939, 35.1599999999999
-1.7361690231035523, 35.1799999999999
-1.5403243278053917, 35.1999999999999
-1.3468358778434253, 35.21999999999991
-1.1556753247751463, 35.23999999999991
-0.9668146612236379, 35.25999999999991
-0.7802262167741373, 35.279999999999916
-0.5958826539199865, 35.29999999999992
-0.4137569640573463, 35.31999999999992
-0.23382246352810268, 35.339999999999925
-0.056052789710385416, 35.35999999999993
0.1195781028438832, 35.37999999999993
0.2930959462249672, 35.399999999999935
0.46452616293538496, 35.41999999999994
0.6338938696146192, 35.43999999999994
0.8012238807190154, 35.459999999999944
0.966540712157403, 35.47999999999995
1.1298685848829835, 35.49999999999995
1.2912314284419868, 35.51999999999995
1.45065288447966, 35.53999999999996
1.6081563102040466, 35.55999999999996
1.7637647818081164, 35.57999999999996
1.9175010978507043, 35.599999999999966
2.069387782596784, 35.61999999999997
1.86953406807657, 35.63999999999997
1.672084832176732, 35.659999999999975
1.4770111461508182, 35.67999999999998
1.2842844292997018, 35.69999999999998
1.0938764447841678, 35.719999999999985
0.9057592954878656, 35.73999999999999
0.7199054199300351, 35.75999999999999
0.5362875882274117, 35.779999999999994
0.3548788981047152, 35.8
0.17565277095313062, 35.82
-0.0014170520637830498, 35.84
-0.17635651385733603, 35.86000000000001
-0.34919124521466455, 35.88000000000001
-0.519946568553957, 35.90000000000001
-0.6886475016344996, 35.920000000000016
-0.8553187612220875, 35.94000000000002
-1.019984766710336, 35.96000000000002
-1.1826696436984208, 35.980000000000025
-1.3433972275257755, 36.00000000000003
-1.502191066764264, 36.02000000000003
-1.6590744266683366, 36.040000000000035
-1.8140702925836816, 36.06000000000004
-1.9672013733148437, 36.08000000000004
-2.1184901044523703, 36.100000000000044
-1.9180456304188984, 36.12000000000005
-1.7200127425475518, 36.14000000000005
-1.5243624265796667, 36.16000000000005
-1.3310660173327291, 36.18000000000006
-1.1400951945005642, 36.20000000000006
-0.9514219785040741, 36.22000000000006
-0.7650187263918707, 36.240000000000066
-0.5808581277902563, 36.26000000000007
-0.3989132009019087, 36.28000000000007
-0.21915728855271877, 36.300000000000075
-0.04156405428618539, 36.32000000000008
0.13389252149520026, 36.34000000000008
0.307238145342147, 36.360000000000085
0.4784982145248891, 36.38000000000009
0.6476978207541998, 36.40000000000009
0.8148617538576367, 36.420000000000094
0.9800145054115559, 36.4400000000001
1.1431802723294302, 36.4600000000001
1.3043829604069956, 36.4800000000001
1.4636461878247438, 36.50000000000011
1.6209932886082796, 36.52000000000011
1.7764473160470415, 36.54000000000011
1.9300310460718868, 36.560000000000116
2.081766980592058, 36.58000000000012
1.8817643295510078, 36.60000000000012
1.6841679490143686, 36.620000000000125
1.4889488886771796, 36.64000000000013
1.296078546541194, 36.66000000000013
1.1055286647243192, 36.680000000000135
0.9172713253205008, 36.70000000000014
0.7312789463094007, 36.72000000000014
0.5475242775152929, 36.740000000000144
0.36598039661457454, 36.76000000000015
0.18662070519131632, 36.78000000000015
0.009418924840265705, 36.80000000000015
-0.16565090668326327, 36.82000000000016
-0.338614439267179, 36.84000000000016
-0.5094970142006369, 36.86000000000016
-0.6783236678868506, 36.880000000000166
-0.8451191355112333, 36.90000000000017
-1.0099078546654066, 36.92000000000017
-1.1727139689276118, 36.940000000000175
-1.3335613314000394, 36.96000000000018
-1.4924735082035985, 36.98000000000018
-1.6494737819306535, 37.000000000000185
-1.8045851550562038, 37.02000000000019
-1.95783035330803, 37.04000000000019
-2.1092318289962977, 37.060000000000194
-1.9088987430621125, 37.0800000000002
-1.710975903158326, 37.1000000000002
-1.5154343111496609, 37.1200000000002
-1.3222453177829994, 37.14000000000021
-1.131380618489921, 37.16000000000021
-0.9428122492397283, 37.18000000000021
-0.7565125824423807, 37.200000000000216
-0.5724543229007011, 37.22000000000022
-0.3906105038113015, 37.24000000000022
-0.21095448281361273, 37.260000000000225
-0.03345993808644656, 37.28000000000023
0.1418991355084718, 37.30000000000023
0.31514843023657896, 37.320000000000235
0.4863133292547063, 37.34000000000024
0.6554189103300246, 37.36000000000024
0.822489949514248, 37.380000000000244
0.9875509247736285, 37.40000000000025
1.1506260195752818, 37.42000000000025
1.31173912643036, 37.44000000000025
1.4709138503946027, 37.46000000000026
1.6281735125267647, 37.48000000000026
1.783541153305448, 37.50000000000026
1.9370395360048003, 37.520000000000266
2.0886911500296264, 37.54000000000027
1.8886051929693841, 37.56000000000027
1.690926508684355, 37.580000000000275
1.495626134811065, 37.60000000000028
1.3026754574378263, 37.62000000000028
1.112046206912445, 37.640000000000285
0.9237104537003743, 37.66000000000029
0.7376406042926864, 37.68000000000029
0.553809397163286, 37.700000000000294
0.3721898987747638, 37.7200000000003
0.19275549963229607, 37.7400000000003
0.01547991038502781, 37.7600000000003
-0.1596628420256401, 37.78000000000031
-0.33269841817142454, 37.80000000000031
-0.5036521698967504, 37.82000000000031
-0.6725491440331083, 37.840000000000316
-0.8394140860687243, 37.86000000000032
-1.0042714437740785, 37.88000000000032
-1.1671453707838038, 37.900000000000325
-1.3280597301354937, 37.92000000000033
-1.4870380977659288, 37.94000000000033
-1.644103765965243, 37.960000000000335
-1.7992797467895318, 37.98000000000034
-1.9525887754324016, 38.00000000000034
-1.7541402923149771, 38.020000000000344
-1.5580793812076503, 38.04000000000035
-1.3643773167706565, 38.06000000000035
-1.1730057192643382, 38.080000000000354
-0.9839365503911655, 38.10000000000036
-0.7971421091877767, 38.12000000000036
-0.6125950279664489, 38.14000000000036
-0.43026826830539605, 38.160000000000366
-0.2501351170873007, 38.18000000000037
-0.07216918258551806, 38.20000000000037
0.10365560940263856, 38.220000000000375
0.27736501937608976, 38.24000000000038
0.4489844979042208, 38.26000000000038
0.6185391893557037, 38.280000000000385
0.7860539355824568, 38.30000000000039
0.9515532795592826, 38.32000000000039
1.1150614689797158, 38.340000000000394
1.276602459808606, 38.3600000000004
1.4361999197919728, 38.3800000000004
1.5938772319246068, 38.400000000000404
1.749657497875977, 38.42000000000041
1.9035635413749092, 38.44000000000041
1.7057048903125616, 38.46000000000041
1.5102267148769934, 38.480000000000416
1.3171003751063937, 38.50000000000042
1.126297575611869, 38.52000000000042
0.9377903614318036, 38.540000000000425
0.7515511139361288, 38.56000000000043
0.5675525467798407, 38.58000000000043
0.3857677019052203, 38.600000000000435
0.20616994559214713, 38.62000000000044
0.02873296455592894, 38.64000000000044
-0.1465692379079199, 38.660000000000444
-0.3197623457325142, 38.68000000000045
-0.4908717338426117, 38.70000000000045
-0.6599224718723513, 38.720000000000454
-0.8269393278382635, 38.74000000000046
-0.991946771768092, 38.76000000000046
-1.1549689792859523, 38.78000000000046
-1.3160298351543573, 38.800000000000466
-1.4751529367736367, 38.82000000000047
-1.632361597639236, 38.84000000000047
-1.787678850757436, 38.860000000000475
-1.9411274520199755, 38.88000000000048
-1.7428168622970897, 38.90000000000048
-1.5468921855622522, 38.920000000000485
-1.3533247164357136, 38.94000000000049
-1.1620860948976852, 38.96000000000049
-0.9731483021332583, 38.980000000000494
-0.7864836564272893, 39.0000000000005
-0.6020648091086969, 39.0200000000005
-0.4198647405435401, 39.040000000000504
-0.23985675617630806, 39.06000000000051
-0.062014482618843444, 39.08000000000051
0.11368813621368858, 39.10000000000051
0.28727684292033556, 39.120000000000516
0.4587770703859669, 39.14000000000052
0.6282139455075038, 39.16000000000052
0.7956122928753202, 39.180000000000526
0.9609966384103507, 39.20000000000053
1.124391212957442, 39.22000000000053
1.2858199558354668, 39.240000000000535
1.4453065183447313, 39.26000000000054
1.6028742672321834, 39.28000000000054
1.7585462881149274, 39.300000000000544
1.912345388862547, 39.32000000000055
1.7143810816977743, 39.34000000000055
1.518798521328746, 39.360000000000554
1.3255690524999721, 39.38000000000056
1.13466436471288, 39.40000000000056
0.9460564880779647, 39.42000000000056
0.7597177892168656, 39.440000000000566
0.5756209672137298, 39.46000000000057
0.39373904961529166, 39.48000000000057
0.2140453884790811, 39.500000000000576
0.03651365646916649, 39.52000000000058
-0.13888215700112289, 39.54000000000058
-0.31216774958006815, 39.560000000000585
-0.48336850974258294, 39.58000000000059
-0.6525095205099383, 39.60000000000059
-0.8196155631247338, 39.620000000000594
-0.9847111206816551, 39.6400000000006
-1.14782038171455, 39.6600000000006
-1.3089672437403475, 39.680000000000604
-1.468175316760335, 39.70000000000061
-1.625467926719316, 39.72000000000061
-1.7808681189231514, 39.74000000000061
-1.9343986614151754, 39.760000000000616
-1.7361690270710242, 39.78000000000062
-1.5403243317251303, 39.80000000000062
-1.3468358817160038, 39.820000000000626
-1.1556753286011343, 39.84000000000063
-0.9668146650035939, 39.86000000000063
-0.7802262205086169, 39.880000000000635
-0.5958826576095357, 39.90000000000064
-0.4137569677025049, 39.92000000000064
-0.233822467129406, 39.940000000000644
-0.0560527932683606, 39.96000000000065
0.11957809932871463, 39.98000000000065
0.29309594275209033, 40.000000000000654
0.46452615950429055, 40.02000000000066
0.6338938662248055, 40.04000000000066
0.8012238773699847, 40.06000000000066
0.9665407088486663, 40.080000000000666
1.1298685816140528, 40.10000000000067
1.2912314252123849, 40.12000000000067
1.4506528812889117, 40.140000000000676
1.6081563070516867, 40.16000000000068
1.7637647786936828, 40.18000000000068
1.917501094773741, 40.200000000000685
2.06938777955684, 40.22000000000069
1.8695340650731993, 40.24000000000069
1.6720848292094974, 40.260000000000694
1.4770111432192825, 40.2800000000007
1.2842844264034365, 40.3000000000007
1.0938764419227476, 40.320000000000704
0.905759292660871, 40.34000000000071
0.7199054171370518, 40.36000000000071
0.5362875854680322, 40.38000000000071
0.3548788953785342, 40.400000000000716
0.17565276825974868, 40.42000000000072
-0.0014170547247605607, 40.44000000000072
-0.17635651648629871, 40.460000000000726
-0.34919124781199756, 40.48000000000073
-0.519946571120041, 40.50000000000073
-0.6886475041697113, 40.520000000000735
-0.8553187637267974, 40.54000000000074
-1.019984769184911, 40.56000000000074
-1.1826696461432222, 40.580000000000744
-1.3433972299411625, 40.60000000000075
-1.5021910691505929, 40.62000000000075
-1.659074429025957, 40.640000000000754
-1.8140702949129341, 40.66000000000076
-1.9672013756160753, 40.68000000000076
-2.1184901067259156, 40.70000000000076
-1.9180456326650874, 40.720000000000766
-1.7200127447667166, 40.74000000000077
-1.5243624287721342, 40.76000000000077
-1.3310660194988178, 40.780000000000776
-1.1400951966405943, 40.80000000000078
-0.9514219806183555, 40.82000000000078
-0.7650187284807155, 40.840000000000785
-0.5808581298539698, 40.86000000000079
-0.3989132029407932, 40.88000000000079
-0.21915729056707337, 40.900000000000794
-0.041564056276305036, 40.9200000000008
0.13389251952902426, 40.9400000000008
0.3072381433996265, 40.960000000000804
0.47849821260573927, 40.98000000000081
0.6476978188581397, 41.00000000000081
0.8148617519843885, 41.02000000000081
0.9800145035608451, 41.040000000000816
1.1431802705009846, 41.06000000000082
1.3043829586005482, 41.08000000000082
1.4636461860400318, 41.100000000000826
1.6209932868450392, 41.12000000000083
1.7764473143050132, 41.14000000000083
1.9300310443508182, 41.160000000000835
2.081766978891693, 41.18000000000084
1.8817643278710976, 41.20000000000084
1.6841679473546693, 41.220000000000844
1.4889488870374517, 41.24000000000085
1.2960785449211925, 41.26000000000085
1.1055286631238068, 41.280000000000854
0.9172713237392439, 41.30000000000086
0.731278944747168, 41.32000000000086
0.5475242759718553, 41.34000000000086
0.3659803950897064, 41.360000000000866
0.186620703684794, 41.38000000000087
0.009418923351868844, 41.40000000000087
-0.16565090815375302, 41.420000000000876
-0.3386144407199768, 41.44000000000088
-0.5094970156359557, 41.46000000000088
-0.6783236693049013, 41.480000000000885
-0.8451191369122223, 41.50000000000089
-1.0099078560495405, 41.52000000000089
-1.1727139702950926, 41.540000000000894
-1.333561332751068, 41.5600000000009
-1.4924735095383737, 41.5800000000009
-1.649473783249369, 41.600000000000904
-1.8045851563590518, 41.62000000000091
-1.9578303545952025, 41.64000000000091
-2.109231830267982, 41.66000000000091
-1.9088987443184948, 41.680000000000916
-1.7109759043995927, 41.70000000000092
-1.5154343123759944, 41.72000000000092
-1.3222453189945813, 41.740000000000926
-1.1313806196869272, 41.76000000000093
-0.942812250422334, 41.78000000000093
-0.7565125836107557, 41.800000000000935
-0.5724543240550193, 41.82000000000094
-0.3906105049517324, 41.84000000000094
-0.21095448394032318, 41.860000000000944
-0.033459939199601385, 41.88000000000095
0.1418991344087097, 41.90000000000095
0.3151484291500483, 41.920000000000954
0.4863133281812477, 41.94000000000096
0.6554189092694813, 41.96000000000096
0.8224899484664656, 41.98000000000096
0.9875509237384518, 42.000000000000966
1.1506260185525587, 42.02000000000097
1.3117391254199404, 42.04000000000097
1.470913849396339, 42.060000000000976
1.628173511540513, 42.08000000000098
1.7835411523310625, 42.10000000000098
1.9370395350421374, 42.120000000000985
2.0886911490785494, 42.14000000000099
1.8886051920297535, 42.16000000000099
1.69092650775603, 42.180000000000994
1.4956261338939076, 42.200000000001
1.302675456531704, 42.220000000001
1.1120462060172256, 42.240000000001004
0.9237104528159276, 42.26000000000101
0.7376406034188813, 42.28000000000101
0.5538093962999948, 42.30000000000101
0.37218989792185964, 42.320000000001016
0.19275549878965295, 42.34000000000102
0.015479909552522516, 42.36000000000102
-0.15966284284812923, 42.380000000001026
-0.332698418984018, 42.40000000000103
-0.5036521706995672, 42.42000000000103
-0.6725491448262666, 42.440000000001035
-0.8394140868523402, 42.46000000000104
-1.0042714445482674, 42.48000000000104
-1.1671453715486793, 42.500000000001044
-1.3280597308911677, 42.52000000000105
-1.487038098512512, 42.54000000000105
-1.6441037667028466, 42.560000000001054
-1.7992797475182623, 42.58000000000106
-1.952588776152365, 42.60000000000106
-1.7541402930262773, 42.62000000000106
-1.5580793819103946, 42.640000000001066
-1.3643773174649458, 42.66000000000107
-1.1730057199502737, 42.68000000000107
-0.983936551068847, 42.700000000001076
-0.7971421098573047, 42.72000000000108
-0.6125950286279219, 42.74000000000108
-0.43026826895891, 42.760000000001085
-0.2501351177329519, 42.78000000000109
-0.07216918322340116, 42.80000000000109
0.10365560877242998, 42.820000000001095
0.27736501875346353, 42.8400000000011
0.4489844972890851, 42.8600000000011
0.618539188747968, 42.880000000001104
0.7860539349820337, 42.90000000000111
0.9515532789660828, 42.92000000000111
1.1150614683936522, 42.94000000000111
1.276602459229594, 42.960000000001116
1.4361999192199253, 42.98000000000112
1.5938772313594416, 43.00000000000112
1.7496574973176136, 43.020000000001126
1.903563540823263, 43.04000000000113
1.705704889767552, 43.06000000000113
1.5102267143385402, 43.080000000001135
1.3171003745744203, 43.10000000000114
1.1262975750862978, 43.12000000000114
0.9377903609125575, 43.140000000001145
0.7515511134231291, 43.16000000000115
0.5675525462730117, 43.18000000000115
0.3857677014044896, 43.200000000001154
0.20616994509744133, 43.22000000000116
0.02873296406717502, 43.24000000000116
-0.1465692383907935, 43.26000000000116
-0.3197623462095784, 43.280000000001166
-0.49087173431393616, 43.30000000000117
-0.6599224723380046, 43.32000000000117
-0.826939328298315, 43.340000000001176
-0.9919467722226085, 43.36000000000118
-1.154968979735001, 43.38000000000118
-1.3160298355980038, 43.400000000001185
-1.4751529372119456, 43.42000000000119
-1.6323615980722699, 43.44000000000119
-1.7876788511852593, 43.460000000001195
-1.9411274524426532, 43.4800000000012
-1.7428168627146825, 43.5000000000012
-1.546892185974821, 43.520000000001204
-1.35332471684332, 43.54000000000121
-1.1620860953003875, 43.56000000000121
-0.9731483025311157, 43.58000000000121
-0.7864836568203596, 43.60000000000122
-0.6020648094970382, 43.62000000000122
-0.41986474092720827, 43.64000000000122
-0.2398567565553604, 43.660000000001226
-0.06201448299333529, 43.68000000000123
0.11368813584370231, 43.70000000000123
0.2872768425548008, 43.720000000001235
0.45877707002482976, 43.74000000000124
0.6282139451507113, 43.76000000000124
0.7956122925228215, 43.780000000001245
0.9609966380620935, 43.80000000000125
1.124391212613375, 43.82000000000125
1.2858199554955387, 43.840000000001254
1.445306518008894, 43.86000000000126
1.6028742669003866, 43.88000000000126
1.7585462877871219, 43.90000000000126
1.912345388538688, 43.92000000000127
1.7143810813778109, 43.94000000000127
1.51879852101263, 43.96000000000127
1.3255690521876609, 43.980000000001276
1.1346643644043248, 44.00000000000128
0.9460564877731217, 44.02000000000128
0.7597177889156904, 44.040000000001285
0.5756209669161773, 44.06000000000129
0.39373904932131937, 44.08000000000129
0.2140453881886464, 44.100000000001295
0.03651365618222602, 44.1200000000013
-0.13888215728461117, 44.1400000000013
-0.31216774986014584, 44.160000000001304
-0.48336851001929065, 44.18000000000131
-0.6525095207833165, 44.20000000000131
-0.8196155633948231, 44.22000000000131
-0.9847111209484954, 44.24000000000132
-1.1478203819781811, 44.26000000000132
-1.3089672440008044, 44.28000000000132
-1.46817531701766, 44.300000000001326
-1.6254679269735433, 44.32000000000133
-1.7808681191743196, 44.34000000000133
-1.934398661663322, 44.360000000001335
-1.7361690273161845, 44.38000000000134
-1.5403243319673416, 44.40000000000134
-1.346835881955302, 44.420000000001345
-1.1556753288375532, 44.44000000000135
-0.9668146652371679, 44.46000000000135
-0.7802262207393797, 44.480000000001354
-0.5958826578375221, 44.50000000000136
-0.41375696792774896, 44.52000000000136
-0.23382246735193976, 44.54000000000136
-0.056052793488217366, 44.56000000000137
0.11957809911150305, 44.58000000000137
0.29309594253749177, 44.60000000000137
0.46452615929227414, 44.620000000001376
0.6338938660153393, 44.64000000000138
0.8012238771630396, 44.66000000000138
0.9665407086442102, 44.680000000001385
1.129868581412056, 44.70000000000139
1.2912314250128178, 44.72000000000139
1.450652881091746, 44.740000000001395
1.6081563068568934, 44.7600000000014
1.7637647785012345, 44.7800000000014
1.9175010945836088, 44.800000000001404
2.0693877793689963, 44.82000000000141
1.8695340648876153, 44.84000000000141
1.6720848290261443, 44.86000000000141
1.4770111430381345, 44.88000000000142
1.2842844262244677, 44.90000000000142
1.0938764417459328, 44.92000000000142
0.9057592924861836, 44.940000000001426
0.7199054169644666, 44.96000000000143
0.5362875852975232, 44.98000000000143
0.3548788952100766, 45.000000000001435
0.17565276809331756, 45.02000000000144
-0.001417054889189235, 45.04000000000144
-0.1763565166487493, 45.060000000001445
-0.34919124797249357, 45.08000000000145
-0.519946571278606, 45.10000000000145
-0.6886475043263675, 45.120000000001454
-0.8553187638815695, 45.14000000000146
-1.0199847693378217, 45.16000000000146
-1.1826696462942947, 45.18000000000146
-1.343397230090417, 45.20000000000147
-1.5021910692980502, 45.22000000000147
-1.6590744291716417, 45.24000000000147
-1.8140702950568668, 45.260000000001476
-1.9672013757582751, 45.28000000000148
-2.1184901068664015, 45.30000000000148
-1.918045632803884, 45.320000000001485
-1.7200127449038438, 45.34000000000149
-1.5243624289076116, 45.36000000000149
-1.331066019632667, 45.380000000001495
-1.1400951967728317, 45.4000000000015
-0.9514219807490016, 45.4200000000015
-0.76501872860979, 45.440000000001504
-0.5808581299814912, 45.46000000000151
-0.3989132030667802, 45.48000000000151
-0.21915729069154452, 45.50000000000151
-0.04156405639927876, 45.52000000000152
0.13389251940753008, 45.54000000000152
0.30723814327959414, 45.56000000000152
0.4784982124871517, 45.580000000001526
0.6476978187409795, 45.60000000000153
0.8148617518686379, 45.62000000000153
0.9800145034464876, 45.640000000001535
1.1431802703880032, 45.66000000000154
1.304382958488925, 45.68000000000154
1.4636461859297512, 45.700000000001545
1.6209932867360861, 45.72000000000155
1.776447314197371, 45.74000000000155
1.9300310442444717, 45.760000000001554
2.081766978786629, 45.78000000000156
1.8817643277672966, 45.80000000000156
1.6841679472521167, 45.82000000000156
1.4889488869361323, 45.84000000000157
1.2960785448210934, 45.86000000000157
1.105528663024912, 45.88000000000157
0.9172713236415393, 45.900000000001576
0.7312789446506399, 45.92000000000158
0.5475242758764886, 45.94000000000158
0.3659803949954863, 45.960000000001585
0.18662070359170732, 45.98000000000159
0.009418923259901959, 46.00000000000159
-0.16565090824461348, 46.020000000001595
-0.3386144408097443, 46.0400000000016
-0.5094970157246435, 46.0600000000016
-0.6783236693925215, 46.080000000001604
-0.8451191369987895, 46.10000000000161
-1.0099078561350658, 46.12000000000161
-1.172713970379589, 46.14000000000161
-1.3335613328345455, 46.16000000000162
-1.4924735096208452, 46.18000000000162
-1.6494737833308475, 46.20000000000162
-1.8045851564395505, 46.220000000001626
-1.9578303546747324, 46.24000000000163
-2.109231830346554, 46.26000000000163
-1.9088987443961214, 46.280000000001635
-1.7109759044762862, 46.30000000000164
-1.5154343124517655, 46.32000000000164
-1.322245319069438, 46.340000000001645
-1.1313806197608807, 46.36000000000165
-0.9428122504953985, 46.38000000000165
-0.7565125836829434, 46.400000000001654
-0.5724543241263381, 46.42000000000166
-0.39061050502219247, 46.44000000000166
-0.21095448400993522, 46.46000000000166
-0.033459939268375934, 46.48000000000167
0.14189913434076248, 46.50000000000167
0.31514842908291835, 46.52000000000167
0.4863133281149259, 46.540000000001676
0.6554189092039582, 46.56000000000168
0.8224899484017301, 46.58000000000168
0.9875509236744958, 46.600000000001685
1.1506260184893713, 46.62000000000169
1.3117391253575132, 46.64000000000169
1.4709138493346634, 46.660000000001695
1.6281735114795797, 46.6800000000017
1.783541152270859, 46.7000000000017
1.937039534982658, 46.720000000001704
2.0886911490197853, 46.74000000000171
1.8886051919716969, 46.76000000000171
1.6909265076986715, 46.78000000000171
1.4956261338372416, 46.80000000000172
1.3026754564757184, 46.82000000000172
1.1120462059619134, 46.84000000000172
0.9237104527612799, 46.860000000001726
0.7376406033648917, 46.88000000000173
0.5538093962466552, 46.90000000000173
0.37218989786916146, 46.920000000001735
0.19275549873758901, 46.94000000000174
0.01547990950108504, 46.96000000000174
-0.15966284289894792, 46.980000000001745
-0.33269841903422526, 47.00000000000175
-0.5036521707491707, 47.02000000000175
-0.6725491448752738, 47.040000000001754
-0.8394140869007585, 47.06000000000176
-1.0042714445961027, 47.08000000000176
-1.167145371595938, 47.100000000001764
-1.3280597309378588, 47.12000000000177
-1.4870380985586422, 47.14000000000177
-1.6441037667484208, 47.16000000000177
-1.799279747563289, 47.180000000001776
-1.952588776196851, 47.20000000000178
-1.754140293070228, 47.22000000000178
-1.5580793819538157, 47.240000000001785
-1.3643773175078435, 47.26000000000179
-1.173005719992656, 47.28000000000179
-0.9839365511107199, 47.300000000001795
-0.7971421098986736, 47.3200000000018
-0.6125950286687923, 47.3400000000018
-0.43026826899928916, 47.360000000001804
-0.2501351177728457, 47.38000000000181
-0.07216918326281502, 47.40000000000181
0.1036556087334903, 47.420000000001814
0.2773650187149922, 47.44000000000182
0.4489844972510771, 47.46000000000182
0.6185391887104185, 47.48000000000182
0.7860539349449349, 47.500000000001826
0.9515532789294296, 47.52000000000183
1.1150614683574407, 47.54000000000183
1.2766024591938194, 47.560000000001835
1.436199919184582, 47.58000000000184
1.593877231324522, 47.60000000000184
1.7496574972831116, 47.620000000001845
1.9035635407891778, 47.64000000000185
1.705704889733879, 47.66000000000185
1.5102267143052714, 47.680000000001854
1.3171003745415517, 47.70000000000186
1.1262975750538216, 47.72000000000186
0.9377903608804722, 47.740000000001864
0.7515511133914297, 47.76000000000187
0.5675525462416932, 47.78000000000187
0.38576770137354766, 47.80000000000187
0.2061699450668714, 47.820000000001876
0.028732964036972824, 47.84000000000188
-0.14656923842063227, 47.86000000000188
-0.31976234623905814, 47.880000000001885
-0.49087173434306086, 47.90000000000189
-0.6599224723667793, 47.92000000000189
-0.8269393283267431, 47.940000000001895
-0.991946772250695, 47.9600000000019
-1.1549689797627498, 47.9800000000019
-1.31602983562542, 48.000000000001904
-1.4751529372390313, 48.02000000000191
-1.6323615980990318, 48.04000000000191
-1.787678851211702, 48.060000000001914
-1.9411274524687783, 48.08000000000192
-1.7428168627404925, 48.10000000000192
-1.5468921860003209, 48.12000000000192
-1.3533247168685112, 48.140000000001926
-1.1620860953252787, 48.16000000000193
-0.9731483025557071, 48.18000000000193
-0.7864836568446565, 48.200000000001936
-0.6020648095210429, 48.22000000000194
-0.41986474095092413, 48.24000000000194
-0.23985675657879127, 48.260000000001945
-0.062014483016484094, 48.28000000000195
0.11368813582083201, 48.30000000000195
0.28727684253220553, 48.320000000001954
0.4587770700025068, 48.34000000000196
0.6282139451286576, 48.36000000000196
0.7956122925010326, 48.380000000001964
0.960996638040567, 48.40000000000197
1.124391212592106, 48.42000000000197
1.2858199554745264, 48.44000000000197
1.445306517988134, 48.460000000001976
1.602874266879877, 48.48000000000198
1.7585462877668598, 48.50000000000198
1.9123453885186674, 48.520000000001986
1.7143810813580325, 48.54000000000199
1.5187985209930903, 48.56000000000199
1.325569052168354, 48.580000000001995
1.1346643643852494, 48.600000000002
0.9460564877542756, 48.620000000002
0.7597177888970708, 48.640000000002004
0.5756209668977815, 48.66000000000201
0.3937390493031446, 48.68000000000201
0.2140453881706894, 48.700000000002014
0.03651365616448497, 48.72000000000202
-0.13888215730213876, 48.74000000000202
-0.31216774987746226, 48.76000000000202
-0.483368510036399, 48.780000000002026
-0.6525095208002195, 48.80000000000203
-0.8196155634115222, 48.82000000000203
-0.9847111209649935, 48.840000000002036
-1.14782038199448, 48.86000000000204
-1.3089672440169098, 48.88000000000204
-1.4681753170335674, 48.900000000002045
-1.6254679269892611, 48.92000000000205
-1.7808681191898474, 48.94000000000205
-1.9343986616786626, 48.960000000002054
-1.7361690273313406, 48.98000000000206
-1.5403243319823159, 49.00000000000206
-1.346835881970094, 49.020000000002064
-1.155675328852167, 49.04000000000207
-0.9668146652516078, 49.06000000000207
-0.7802262207536469, 49.08000000000207
-0.5958826578516179, 49.100000000002076
-0.4137569679416743, 49.12000000000208
-0.2338224673656974, 49.14000000000208
-0.05605279350180923, 49.160000000002086
0.11957809909807468, 49.18000000000209
0.2930959425242249, 49.20000000000209
0.46452615927916713, 49.220000000002095
0.6338938660023902, 49.2400000000021
0.8012238771502463, 49.2600000000021
0.9665407086315708, 49.280000000002104
1.1298685813995692, 49.30000000000211
1.2912314250004822, 49.32000000000211
1.45065288107956, 49.340000000002114
1.6081563068448554, 49.36000000000212
1.7637647784893389, 49.38000000000212
1.917501094571857, 49.40000000000212
2.0693877793573843, 49.420000000002126
1.8695340648761425, 49.44000000000213
1.6720848290148116, 49.46000000000213
1.477011143026938, 49.480000000002136
1.2842844262134052, 49.50000000000214
1.0938764417350035, 49.52000000000214
0.9057592924753858, 49.540000000002145
0.7199054169537987, 49.56000000000215
0.536287585286984, 49.58000000000215
0.35487889519966415, 49.600000000002154
0.17565276808303032, 49.62000000000216
-0.0014170548993527052, 49.64000000000216
-0.17635651665879035, 49.660000000002164
-0.34919124798241397, 49.68000000000217
-0.5199465712884069, 49.70000000000217
-0.6886475043360504, 49.72000000000217
-0.8553187638911355, 49.740000000002176
-1.0199847693472721, 49.76000000000218
-1.1826696463036304, 49.78000000000218
-1.3433972300996413, 49.800000000002186
-1.5021910693071636, 49.82000000000219
-1.6590744291806434, 49.84000000000219
-1.814070295065761, 49.860000000002195
-1.9672013757670619, 49.8800000000022
-2.1184901068750808, 49.9000000000022
-1.918045632812458, 49.920000000002204
-1.7200127449123135, 49.94000000000221
-1.524362428915979, 49.96000000000221
-1.331066019640932, 49.980000000002214
